system,oqmd_stable,with_DL,new_compounds
"('F', 'As', 'Na')",8,26,18
"('K', 'F', 'Si')",8,26,18
"('Rh', 'P', 'Li')",11,29,18
"('Br', 'Na', 'Te')",8,26,18
"('K', 'F', 'P')",9,27,18
"('K', 'F', 'Cl')",7,24,17
"('Fe', 'K', 'F')",8,25,17
"('K', 'F', 'Co')",7,24,17
"('K', 'Cu', 'F')",6,23,17
"('K', 'F', 'Tl')",8,24,16
"('Br', 'F', 'Li')",7,23,16
"('Ru', 'P', 'Li')",12,28,16
"('Ga', 'F', 'Na')",6,22,16
"('Ga', 'K', 'F')",7,23,16
"('Mg', 'K', 'F')",7,23,16
"('H', 'K', 'F')",9,25,16
"('H', 'F', 'Na')",7,22,15
"('F', 'Na', 'Ba')",7,22,15
"('P', 'Li', 'Pt')",14,29,15
"('K', 'F', 'I')",7,22,15
"('K', 'Rb', 'F')",6,21,15
"('Br', 'O', 'Li')",10,24,14
"('Ti', 'F', 'Li')",6,20,14
"('F', 'Si', 'Na')",8,22,14
"('Se', 'Na', 'Y')",7,21,14
"('Ti', 'K', 'F')",8,22,14
"('Se', 'K', 'Te')",11,25,14
"('K', 'Sb', 'F')",13,27,14
"('K', 'F', 'Hg')",9,23,14
"('F', 'Na', 'Cs')",7,21,14
"('Br', 'Na', 'Y')",7,21,14
"('Br', 'K', 'F')",8,22,14
"('Ca', 'F', 'Na')",5,19,14
"('Br', 'Bi', 'Na')",7,21,14
"('K', 'F', 'Y')",8,22,14
"('Cr', 'Li', 'N')",7,20,13
"('K', 'Ca', 'F')",6,19,13
"('In', 'K', 'F')",8,21,13
"('F', 'P', 'Li')",10,23,13
"('F', 'P', 'Na')",9,22,13
"('K', 'S', 'F')",9,22,13
"('Br', 'Sc', 'Na')",7,20,13
"('Fe', 'F', 'Na')",8,21,13
"('O', 'Se', 'K')",14,27,13
"('Ti', 'F', 'Na')",7,20,13
"('Co', 'Na', 'N')",5,18,13
"('K', 'Sn', 'F')",11,24,13
"('F', 'Si', 'Li')",10,22,12
"('Sc', 'F', 'Na')",6,18,12
"('Zr', 'K', 'F')",6,18,12
"('Br', 'K', 'Sc')",6,18,12
"('Br', 'K', 'Te')",10,22,12
"('K', 'F', 'Be')",6,18,12
"('Br', 'F', 'Na')",7,19,12
"('Br', 'Li', 'Na')",6,18,12
"('Br', 'Li', 'Cl')",7,19,12
"('Br', 'Sc', 'Li')",6,18,12
"('F', 'Na', 'Nb')",7,19,12
"('S', 'F', 'Na')",9,21,12
"('K', 'F', 'Ru')",7,19,12
"('K', 'F', 'Cs')",7,19,12
"('Mg', 'F', 'Na')",6,18,12
"('Rh', 'K', 'F')",7,19,12
"('H', 'F', 'Li')",7,19,12
"('K', 'Sc', 'F')",7,19,12
"('Br', 'Cl', 'Na')",7,19,12
"('Zr', 'S', 'Na')",10,21,11
"('As', 'Li', 'N')",7,18,11
"('K', 'F', 'Na')",6,17,11
"('K', 'F', 'Pb')",10,21,11
"('F', 'Na', 'Tl')",10,21,11
"('Ru', 'Na', 'N')",4,15,11
"('Zr', 'S', 'Li')",7,18,11
"('K', 'F', 'Nb')",8,19,11
"('Rh', 'F', 'Na')",5,16,11
"('K', 'Pd', 'F')",8,19,11
"('K', 'F', 'Ge')",7,18,11
"('Br', 'O', 'Na')",11,22,11
"('Rb', 'F', 'Na')",7,18,11
"('Os', 'K', 'F')",6,17,11
"('F', 'Ru', 'Na')",6,17,11
"('F', 'Be', 'Na')",6,17,11
"('Br', 'Li', 'Te')",7,18,11
"('F', 'Na', 'Y')",5,16,11
"('Cl', 'Na', 'Te')",7,18,11
"('Br', 'Se', 'Li')",7,18,11
"('K', 'F', 'Mo')",7,18,11
"('Se', 'Li', 'Y')",6,17,11
"('Cu', 'F', 'Na')",7,17,10
"('B', 'F', 'Na')",8,18,10
"('Rh', 'P', 'Na')",9,19,10
"('Pd', 'F', 'Na')",9,19,10
"('Zr', 'F', 'Li')",6,16,10
"('K', 'F', 'Ta')",6,16,10
"('Se', 'F', 'Na')",8,18,10
"('K', 'F', 'Ba')",5,15,10
"('F', 'Co', 'Na')",7,17,10
"('K', 'F', 'Ir')",8,18,10
"('K', 'F', 'Pt')",7,17,10
"('K', 'F', 'Te')",11,21,10
"('Tc', 'K', 'F')",5,15,10
"('K', 'F', 'Al')",7,17,10
"('Br', 'K', 'As')",7,17,10
"('K', 'Ni', 'F')",10,20,10
"('Cu', 'F', 'Li')",6,16,10
"('K', 'F', 'Cd')",8,18,10
"('Hf', 'S', 'Na')",11,21,10
"('Co', 'P', 'Li')",12,22,10
"('F', 'Hg', 'Na')",11,21,10
"('Hf', 'K', 'F')",6,16,10
"('K', 'Bi', 'F')",11,21,10
"('F', 'Na', 'Ta')",6,16,10
"('F', 'Na', 'Pt')",7,17,10
"('Hf', 'K', 'S')",11,21,10
"('Zr', 'K', 'S')",10,20,10
"('In', 'F', 'Na')",8,18,10
"('Se', 'Ca', 'Na')",7,17,10
"('Ag', 'F', 'Na')",13,23,10
"('F', 'Li', 'Tl')",9,19,10
"('Rb', 'F', 'Li')",6,16,10
"('B', 'K', 'F')",7,17,10
"('K', 'Cr', 'N')",6,16,10
"('Br', 'As', 'Li')",7,17,10
"('K', 'F', 'Sr')",5,15,10
"('K', 'Si', 'Cl')",6,16,10
"('H', 'K', 'P')",7,16,9
"('In', 'F', 'Li')",11,20,9
"('H', 'Si', 'Li')",10,19,9
"('F', 'Co', 'Li')",7,16,9
"('K', 'F', 'Au')",10,19,9
"('H', 'As', 'Li')",6,15,9
"('Sb', 'F', 'Na')",12,21,9
"('Se', 'K', 'F')",9,18,9
"('K', 'F', 'As')",10,19,9
"('K', 'F', 'W')",5,14,9
"('K', 'F', 'N')",5,14,9
"('Se', 'Na', 'Ba')",10,19,9
"('K', 'Ru', 'N')",4,13,9
"('K', 'F', 'Li')",5,14,9
"('P', 'Na', 'Y')",8,17,9
"('Sn', 'F', 'Na')",15,24,9
"('Zr', 'F', 'Na')",6,15,9
"('O', 'I', 'Na')",10,19,9
"('F', 'Cl', 'Na')",7,16,9
"('K', 'Mo', 'N')",5,14,9
"('F', 'Na', 'Ge')",8,17,9
"('F', 'Li', 'Nb')",7,16,9
"('O', 'K', 'Cs')",13,22,9
"('Mn', 'Na', 'N')",6,15,9
"('P', 'Li', 'Ir')",12,21,9
"('Ag', 'K', 'F')",13,22,9
"('C', 'K', 'F')",6,15,9
"('F', 'Na', 'Ir')",7,16,9
"('F', 'Na', 'Al')",7,16,9
"('K', 'Cr', 'F')",9,18,9
"('V', 'K', 'F')",7,16,9
"('F', 'Li', 'Cs')",7,16,9
"('As', 'P', 'Li')",9,18,9
"('Ru', 'P', 'Na')",11,20,9
"('Rh', 'S', 'Li')",8,17,9
"('O', 'K', 'Au')",13,22,9
"('Os', 'P', 'Na')",7,16,9
"('O', 'As', 'Na')",14,23,9
"('Co', 'Li', 'N')",6,15,9
"('Mn', 'K', 'F')",12,20,8
"('Li', 'Al', 'N')",10,18,8
"('F', 'Na', 'Sr')",7,15,8
"('K', 'As', 'Cl')",8,16,8
"('K', 'N', 'W')",6,14,8
"('K', 'I', 'Te')",11,19,8
"('Fe', 'Na', 'N')",6,14,8
"('F', 'Na', 'Cd')",9,17,8
"('O', 'Hg', 'Na')",12,20,8
"('Hf', 'F', 'Li')",5,13,8
"('Fe', 'F', 'Li')",7,15,8
"('Mn', 'Li', 'N')",7,15,8
"('Se', 'K', 'Y')",8,16,8
"('Se', 'Sc', 'Na')",7,15,8
"('Cr', 'F', 'Na')",9,17,8
"('Hf', 'F', 'Na')",6,14,8
"('F', 'Li', 'Y')",6,14,8
"('K', 'Ni', 'N')",5,13,8
"('Tc', 'Na', 'N')",6,14,8
"('F', 'Be', 'Li')",6,14,8
"('F', 'Au', 'Na')",8,16,8
"('Zn', 'F', 'Na')",8,16,8
"('In', 'Li', 'N')",11,19,8
"('O', 'K', 'F')",8,16,8
"('Se', 'K', 'S')",11,19,8
"('Ga', 'F', 'Li')",10,18,8
"('Br', 'Se', 'Na')",9,17,8
"('F', 'Li', 'Na')",6,14,8
"('Re', 'K', 'F')",6,14,8
"('Se', 'Na', 'Tl')",12,20,8
"('F', 'Li', 'Ba')",6,14,8
"('F', 'Pb', 'Na')",10,18,8
"('Os', 'F', 'Na')",5,13,8
"('H', 'Li', 'Te')",5,13,8
"('O', 'Se', 'Li')",11,19,8
"('Na', 'N', 'W')",7,14,7
"('Hf', 'Na', 'N')",7,14,7
"('O', 'K', 'As')",14,21,7
"('Rh', 'Li', 'Cl')",6,13,7
"('K', 'S', 'Al')",8,15,7
"('Hf', 'S', 'Li')",8,15,7
"('O', 'F', 'Li')",8,15,7
"('Os', 'Na', 'N')",4,11,7
"('Pd', 'F', 'Li')",11,18,7
"('H', 'K', 'Au')",7,14,7
"('H', 'K', 'As')",6,13,7
"('Se', 'Sc', 'Li')",5,12,7
"('O', 'K', 'I')",12,19,7
"('Hf', 'Li', 'N')",8,15,7
"('Na', 'N', 'Pt')",5,12,7
"('Rh', 'F', 'Li')",8,15,7
"('O', 'K', 'Pd')",11,18,7
"('Sb', 'I', 'Na')",7,14,7
"('Rh', 'Na', 'N')",4,11,7
"('Br', 'Na', 'Pt')",6,13,7
"('O', 'F', 'Na')",7,14,7
"('V', 'F', 'Na')",8,15,7
"('Br', 'Li', 'Y')",6,13,7
"('Br', 'As', 'Na')",7,14,7
"('F', 'I', 'Na')",7,14,7
"('H', 'K', 'Ge')",4,11,7
"('Tc', 'Se', 'K')",7,14,7
"('P', 'Na', 'Pt')",9,16,7
"('F', 'Ru', 'Li')",8,15,7
"('K', 'P', 'N')",8,15,7
"('Se', 'K', 'Sc')",8,15,7
"('Br', 'K', 'Y')",6,13,7
"('Br', 'B', 'Li')",6,13,7
"('Se', 'K', 'Si')",9,16,7
"('Pd', 'P', 'Li')",14,21,7
"('F', 'Li', 'Ge')",11,18,7
"('Br', 'O', 'K')",13,20,7
"('Tc', 'F', 'Na')",5,12,7
"('F', 'Na', 'Mo')",7,14,7
"('Re', 'F', 'Na')",5,12,7
"('Bi', 'F', 'Na')",9,16,7
"('H', 'As', 'Na')",6,13,7
"('Sc', 'F', 'Li')",5,12,7
"('Zr', 'P', 'Li')",11,18,7
"('Mn', 'F', 'Na')",10,17,7
"('As', 'Na', 'N')",6,13,7
"('Ru', 'Li', 'N')",5,11,6
"('Pd', 'P', 'Na')",11,17,6
"('Mn', 'K', 'N')",6,12,6
"('Rh', 'K', 'Cl')",5,11,6
"('Rh', 'K', 'N')",4,10,6
"('Li', 'Cl', 'Na')",6,12,6
"('P', 'Na', 'Ir')",9,15,6
"('F', 'Li', 'Te')",7,13,6
"('Br', 'K', 'Cl')",7,13,6
"('Os', 'F', 'Li')",6,12,6
"('Li', 'Cl', 'Pt')",11,17,6
"('F', 'Li', 'Hg')",8,14,6
"('F', 'Li', 'Cl')",7,13,6
"('In', 'K', 'N')",7,13,6
"('F', 'Na', 'Te')",9,15,6
"('F', 'Na', 'N')",5,11,6
"('H', 'Li', 'Ge')",9,15,6
"('Li', 'Nb', 'N')",9,15,6
"('Rh', 'C', 'Li')",4,10,6
"('Br', 'Na', 'Al')",5,11,6
"('Zr', 'Se', 'Na')",11,17,6
"('K', 'Co', 'N')",5,11,6
"('O', 'K', 'Pt')",11,17,6
"('Sn', 'F', 'Li')",13,19,6
"('K', 'P', 'Cl')",9,15,6
"('H', 'Se', 'K')",8,14,6
"('Re', 'Na', 'N')",6,12,6
"('Zr', 'Br', 'Li')",6,12,6
"('In', 'Na', 'N')",8,14,6
"('C', 'F', 'Na')",5,11,6
"('Zn', 'K', 'F')",9,15,6
"('Mg', 'F', 'Li')",9,15,6
"('O', 'Na', 'Pt')",12,18,6
"('Ni', 'F', 'Li')",7,13,6
"('Se', 'K', 'Cs')",11,17,6
"('Li', 'N', 'W')",8,14,6
"('Sb', 'F', 'Li')",9,15,6
"('O', 'Se', 'Na')",14,20,6
"('Ti', 'Li', 'N')",7,13,6
"('Cr', 'Na', 'N')",6,12,6
"('K', 'Au', 'P')",11,17,6
"('Na', 'Ir', 'N')",4,10,6
"('Tc', 'Li', 'N')",7,13,6
"('Na', 'Ge', 'Ir')",7,13,6
"('K', 'N', 'Pt')",4,10,6
"('Tc', 'F', 'Li')",5,11,6
"('O', 'I', 'Li')",10,16,6
"('O', 'K', 'Tl')",15,21,6
"('O', 'Na', 'Ba')",10,16,6
"('Ni', 'F', 'Na')",8,14,6
"('Si', 'P', 'Na')",11,16,5
"('F', 'Li', 'Cd')",8,13,5
"('Se', 'Na', 'Cs')",11,16,5
"('Os', 'P', 'Li')",8,13,5
"('Zr', 'Li', 'N')",9,14,5
"('Cl', 'Na', 'Ba')",7,12,5
"('Re', 'K', 'N')",5,10,5
"('Cl', 'Na', 'Ir')",6,11,5
"('Ni', 'Na', 'N')",5,10,5
"('S', 'Li', 'Ta')",7,12,5
"('Ca', 'P', 'Na')",9,14,5
"('O', 'Na', 'Tl')",15,20,5
"('Cl', 'Na', 'Pt')",7,12,5
"('Ga', 'Na', 'Pt')",11,16,5
"('F', 'Li', 'W')",5,10,5
"('F', 'Li', 'Al')",10,15,5
"('Tc', 'P', 'Li')",12,17,5
"('F', 'Li', 'Sr')",7,12,5
"('P', 'Li', 'N')",12,17,5
"('B', 'F', 'Li')",7,12,5
"('Br', 'V', 'K')",6,11,5
"('Sn', 'Li', 'N')",10,15,5
"('Br', 'V', 'Na')",6,11,5
"('Tc', 'K', 'N')",6,11,5
"('F', 'Na', 'W')",5,10,5
"('Tc', 'Se', 'Na')",6,11,5
"('Tc', 'Se', 'Li')",4,9,5
"('Se', 'Na', 'Ta')",9,14,5
"('Ca', 'F', 'Li')",6,11,5
"('V', 'F', 'Li')",7,12,5
"('Zr', 'Br', 'K')",6,11,5
"('O', 'K', 'Hg')",12,17,5
"('K', 'Cl', 'Ir')",6,11,5
"('K', 'Sc', 'I')",6,11,5
"('H', 'Sb', 'Li')",6,11,5
"('H', 'K', 'Sn')",6,11,5
"('As', 'Li', 'Sr')",11,16,5
"('Br', 'Li', 'Pt')",10,15,5
"('H', 'K', 'Bi')",7,12,5
"('Br', 'Na', 'Mo')",6,11,5
"('Se', 'F', 'Li')",6,11,5
"('I', 'Na', 'Te')",9,14,5
"('H', 'Ca', 'Na')",5,10,5
"('K', 'S', 'Cl')",10,15,5
"('I', 'Cl', 'Na')",7,12,5
"('H', 'K', 'Si')",6,11,5
"('K', 'S', 'Pb')",11,16,5
"('Os', 'K', 'N')",4,9,5
"('Cr', 'F', 'Li')",9,14,5
"('H', 'Mn', 'Na')",5,10,5
"('Hf', 'K', 'N')",7,11,4
"('Br', 'Re', 'Na')",4,8,4
"('Cu', 'P', 'Na')",9,13,4
"('Br', 'Re', 'Li')",4,8,4
"('Rh', 'K', 'S')",10,14,4
"('F', 'As', 'Li')",9,13,4
"('C', 'Ca', 'Li')",4,8,4
"('Ca', 'S', 'Na')",8,12,4
"('Br', 'Na', 'Ir')",5,9,4
"('Tc', 'K', 'S')",8,12,4
"('Ti', 'Na', 'N')",6,10,4
"('Br', 'K', 'Sb')",9,13,4
"('Cl', 'Na', 'Y')",7,11,4
"('Li', 'Ge', 'N')",10,14,4
"('Se', 'K', 'Mo')",9,13,4
"('H', 'Sn', 'Li')",9,13,4
"('H', 'K', 'Pb')",7,11,4
"('Br', 'Tc', 'K')",5,9,4
"('Rb', 'S', 'Na')",13,17,4
"('Rh', 'Cl', 'Na')",5,9,4
"('K', 'S', 'Si')",9,13,4
"('F', 'Li', 'Ir')",10,14,4
"('Ag', 'K', 'Cl')",7,11,4
"('Re', 'Li', 'N')",7,11,4
"('F', 'Li', 'Mo')",7,11,4
"('H', 'K', 'Co')",4,8,4
"('I', 'As', 'Li')",7,11,4
"('Na', 'Mo', 'N')",6,10,4
"('Br', 'Hf', 'Na')",5,9,4
"('Na', 'Sr', 'Pt')",9,13,4
"('Tc', 'S', 'Na')",8,12,4
"('H', 'K', 'Sb')",8,12,4
"('O', 'In', 'K')",11,15,4
"('Tc', 'S', 'Li')",5,9,4
"('Br', 'V', 'Li')",6,10,4
"('Tc', 'O', 'K')",11,15,4
"('Bi', 'F', 'Li')",10,14,4
"('Li', 'N', 'Pt')",10,14,4
"('Zn', 'F', 'Li')",8,12,4
"('O', 'Re', 'K')",10,14,4
"('Br', 'Li', 'Mo')",6,10,4
"('S', 'Na', 'Cs')",14,18,4
"('F', 'Pb', 'Li')",12,16,4
"('Ga', 'Se', 'K')",12,16,4
"('O', 'Na', 'Sr')",10,14,4
"('Mn', 'F', 'Li')",10,14,4
"('S', 'Na', 'Y')",11,15,4
"('Br', 'Sb', 'Li')",7,11,4
"('Br', 'Sb', 'Na')",7,11,4
"('Rh', 'Hf', 'Li')",8,12,4
"('O', 'Li', 'Ba')",9,13,4
"('C', 'Li', 'Mo')",5,9,4
"('C', 'Cl', 'Na')",4,8,4
"('Rh', 'K', 'I')",5,9,4
"('Se', 'Na', 'Sr')",9,13,4
"('B', 'Na', 'N')",8,12,4
"('Br', 'Si', 'Li')",10,14,4
"('S', 'Li', 'Pt')",11,15,4
"('Rh', 'I', 'Na')",5,9,4
"('H', 'Rh', 'K')",4,8,4
"('Au', 'Li', 'Cl')",10,14,4
"('O', 'Au', 'Na')",11,15,4
"('Ti', 'K', 'N')",6,10,4
"('Rh', 'I', 'Li')",6,10,4
"('O', 'Ti', 'Na')",20,24,4
"('K', 'I', 'As')",7,11,4
"('K', 'P', 'Pt')",8,12,4
"('F', 'Au', 'Li')",11,15,4
"('Se', 'K', 'Ca')",8,12,4
"('I', 'As', 'Na')",7,11,4
"('In', 'K', 'I')",9,13,4
"('Li', 'N', 'Y')",6,10,4
"('Ca', 'P', 'Li')",11,15,4
"('C', 'Li', 'Y')",6,9,3
"('C', 'V', 'Li')",5,8,3
"('K', 'Al', 'Te')",10,13,3
"('As', 'P', 'Na')",8,11,3
"('Rh', 'Ga', 'Na')",8,11,3
"('As', 'Li', 'Y')",6,9,3
"('Re', 'P', 'Na')",9,12,3
"('O', 'Bi', 'Na')",15,18,3
"('O', 'P', 'Na')",14,17,3
"('F', 'Li', 'Pt')",13,16,3
"('B', 'Li', 'Cl')",6,9,3
"('Ag', 'F', 'Li')",13,16,3
"('O', 'Ca', 'Na')",8,11,3
"('O', 'Na', 'Ir')",10,13,3
"('C', 'F', 'Li')",5,8,3
"('Na', 'Ba', 'N')",12,15,3
"('K', 'S', 'P')",16,19,3
"('C', 'K', 'Cl')",5,8,3
"('O', 'Pd', 'Na')",14,17,3
"('Mn', 'P', 'Li')",10,13,3
"('Mn', 'P', 'Na')",9,12,3
"('Rh', 'Na', 'Ge')",6,9,3
"('C', 'Re', 'Li')",4,7,3
"('K', 'S', 'Te')",11,14,3
"('Fe', 'Li', 'Cl')",6,9,3
"('Rh', 'Si', 'Na')",9,12,3
"('K', 'S', 'Na')",13,16,3
"('Sn', 'Na', 'Ir')",13,16,3
"('C', 'Li', 'Cl')",4,7,3
"('O', 'Os', 'K')",11,14,3
"('Br', 'Os', 'Na')",4,7,3
"('K', 'Ir', 'N')",4,7,3
"('Si', 'Li', 'Cl')",10,13,3
"('K', 'I', 'Al')",5,8,3
"('H', 'Ga', 'K')",7,10,3
"('Br', 'Li', 'Sr')",7,10,3
"('K', 'I', 'W')",4,7,3
"('H', 'Mn', 'K')",5,8,3
"('H', 'Ag', 'K')",5,8,3
"('S', 'Cl', 'Na')",10,13,3
"('K', 'Cu', 'N')",4,7,3
"('Br', 'Co', 'Na')",5,8,3
"('Se', 'K', 'Hg')",11,14,3
"('I', 'Li', 'Na')",6,9,3
"('Si', 'Li', 'Ir')",15,18,3
"('Rh', 'K', 'P')",10,13,3
"('Na', 'Te', 'Y')",7,10,3
"('B', 'K', 'Cl')",6,9,3
"('Zn', 'Na', 'N')",6,9,3
"('H', 'C', 'K')",6,9,3
"('Br', 'Li', 'Ta')",6,9,3
"('H', 'Se', 'Li')",5,8,3
"('Hf', 'Li', 'Pt')",11,14,3
"('Se', 'Si', 'Li')",10,13,3
"('H', 'K', 'Pt')",6,9,3
"('Mg', 'K', 'S')",8,11,3
"('K', 'Ru', 'P')",11,14,3
"('In', 'Cl', 'Na')",11,14,3
"('Rh', 'In', 'Na')",8,11,3
"('H', 'Si', 'Na')",6,9,3
"('Mg', 'S', 'Na')",8,11,3
"('H', 'In', 'K')",6,9,3
"('Se', 'Ca', 'Li')",6,9,3
"('K', 'Si', 'I')",7,10,3
"('Se', 'Li', 'Ir')",8,11,3
"('Hf', 'Se', 'Na')",9,12,3
"('Se', 'K', 'Pb')",11,14,3
"('V', 'K', 'Cl')",7,10,3
"('S', 'F', 'Li')",6,9,3
"('P', 'Li', 'Ta')",10,13,3
"('Br', 'Re', 'K')",5,8,3
"('P', 'Na', 'Ta')",9,12,3
"('Br', 'B', 'K')",6,9,3
"('P', 'Na', 'Sr')",13,16,3
"('Cu', 'As', 'Na')",7,10,3
"('P', 'Li', 'Y')",9,12,3
"('I', 'Li', 'W')",4,7,3
"('Rh', 'Sb', 'Na')",9,12,3
"('Pb', 'I', 'Na')",8,11,3
"('Zr', 'Br', 'Na')",6,9,3
"('Br', 'Hf', 'K')",5,8,3
"('P', 'Li', 'Cl')",10,13,3
"('F', 'Li', 'Ta')",6,9,3
"('Tc', 'P', 'Na')",11,14,3
"('V', 'Li', 'N')",8,11,3
"('F', 'Li', 'N')",6,9,3
"('In', 'K', 'Cl')",10,13,3
"('P', 'Na', 'N')",10,13,3
"('Br', 'K', 'Cr')",5,8,3
"('Br', 'K', 'P')",9,12,3
"('F', 'I', 'Li')",7,10,3
"('Br', 'K', 'S')",9,12,3
"('Br', 'Cr', 'Na')",5,8,3
"('Br', 'K', 'Pt')",6,9,3
"('Br', 'K', 'Ta')",6,9,3
"('Tc', 'O', 'Na')",9,12,3
"('Ga', 'I', 'Na')",8,11,3
"('Li', 'Cl', 'Ir')",8,11,3
"('Ca', 'Cl', 'Na')",5,8,3
"('Si', 'Cl', 'Na')",7,9,2
"('Os', 'Be', 'Na')",4,6,2
"('Os', 'Be', 'Li')",4,6,2
"('O', 'Re', 'Li')",11,13,2
"('O', 'K', 'Ir')",11,13,2
"('O', 'K', 'Rb')",13,15,2
"('Rh', 'As', 'Na')",8,10,2
"('O', 'K', 'Nb')",12,14,2
"('O', 'Re', 'Na')",11,13,2
"('Os', 'Sc', 'Li')",6,8,2
"('O', 'K', 'P')",15,17,2
"('Mg', 'O', 'K')",10,12,2
"('K', 'S', 'As')",13,15,2
"('Br', 'Ru', 'Na')",5,7,2
"('Br', 'Cr', 'Li')",5,7,2
"('Pd', 'Na', 'Nb')",7,9,2
"('Br', 'S', 'Li')",6,8,2
"('Br', 'S', 'Na')",9,11,2
"('S', 'Co', 'Li')",7,9,2
"('S', 'I', 'Na')",8,10,2
"('S', 'As', 'Na')",13,15,2
"('S', 'P', 'Na')",16,18,2
"('K', 'Be', 'P')",9,11,2
"('Br', 'K', 'Ir')",5,7,2
"('K', 'As', 'N')",6,8,2
"('S', 'Li', 'Y')",8,10,2
"('S', 'Na', 'Nb')",12,14,2
"('S', 'Na', 'Sr')",11,13,2
"('S', 'Na', 'Mo')",8,10,2
"('Hf', 'Se', 'Li')",7,9,2
"('Mg', 'K', 'I')",5,7,2
"('Sb', 'Li', 'N')",7,9,2
"('S', 'Sc', 'Na')",9,11,2
"('Br', 'K', 'Mo')",7,9,2
"('O', 'Sb', 'Na')",15,17,2
"('Sn', 'P', 'Li')",14,16,2
"('Os', 'K', 'Be')",4,6,2
"('O', 'Pb', 'Na')",16,18,2
"('Co', 'I', 'Na')",5,7,2
"('Os', 'V', 'Na')",4,6,2
"('Os', 'V', 'Li')",4,6,2
"('Os', 'V', 'K')",4,6,2
"('Au', 'As', 'Na')",8,10,2
"('O', 'Na', 'Y')",8,10,2
"('Ti', 'Se', 'Na')",11,13,2
"('Br', 'K', 'Si')",6,8,2
"('K', 'W', 'Pt')",5,7,2
"('C', 'B', 'Li')",8,10,2
"('Br', 'Tc', 'Li')",5,7,2
"('Br', 'Hf', 'Li')",5,7,2
"('K', 'Ge', 'N')",5,7,2
"('Mg', 'O', 'Na')",8,10,2
"('K', 'Cl', 'Ge')",5,7,2
"('K', 'Hg', 'Te')",10,12,2
"('Si', 'Na', 'Ir')",8,10,2
"('O', 'K', 'Ba')",9,11,2
"('H', 'O', 'K')",11,13,2
"('Zr', 'Se', 'K')",11,13,2
"('Se', 'K', 'Na')",12,14,2
"('As', 'Li', 'Na')",8,10,2
"('In', 'Na', 'Ir')",8,10,2
"('H', 'In', 'Li')",9,11,2
"('I', 'Li', 'Ba')",5,7,2
"('Se', 'S', 'Na')",10,12,2
"('Se', 'K', 'Be')",8,10,2
"('Li', 'Ir', 'Al')",14,16,2
"('Li', 'Ta', 'Pt')",11,13,2
"('Re', 'Li', 'Pt')",9,11,2
"('H', 'K', 'Ca')",5,7,2
"('Rh', 'O', 'K')",10,12,2
"('Cl', 'Na', 'Al')",6,8,2
"('In', 'Se', 'K')",12,14,2
"('Se', 'Pb', 'Li')",10,12,2
"('H', 'K', 'Ir')",4,6,2
"('Zr', 'P', 'Na')",10,12,2
"('H', 'Ca', 'Li')",6,8,2
"('Se', 'Li', 'Ge')",10,12,2
"('H', 'Sc', 'Na')",5,7,2
"('H', 'Bi', 'Li')",6,8,2
"('Se', 'Li', 'Al')",10,12,2
"('Re', 'Na', 'Pt')",5,7,2
"('Re', 'S', 'Na')",8,10,2
"('Se', 'Na', 'Te')",9,11,2
"('Na', 'W', 'Pt')",6,8,2
"('V', 'K', 'N')",6,8,2
"('Ag', 'As', 'Na')",8,10,2
"('Re', 'I', 'Na')",5,7,2
"('Re', 'I', 'Li')",5,7,2
"('H', 'O', 'Li')",11,13,2
"('Ag', 'P', 'Na')",9,11,2
"('Li', 'W', 'Pt')",10,12,2
"('Re', 'K', 'Pt')",4,6,2
"('Re', 'F', 'Li')",5,7,2
"('Se', 'K', 'Al')",9,11,2
"('Se', 'K', 'Tl')",11,13,2
"('In', 'Na', 'Pt')",10,12,2
"('H', 'Ga', 'Li')",8,10,2
"('B', 'Cl', 'Na')",7,9,2
"('Li', 'Cl', 'Nb')",10,11,1
"('Ru', 'As', 'Na')",6,7,1
"('As', 'Na', 'Sr')",12,13,1
"('Br', 'K', 'Nb')",7,8,1
"('Tc', 'K', 'Cl')",7,8,1
"('Tc', 'K', 'Be')",4,5,1
"('Li', 'Cl', 'Tl')",9,10,1
"('K', 'Nb', 'N')",7,8,1
"('Br', 'K', 'Cs')",7,8,1
"('Be', 'P', 'Li')",10,11,1
"('K', 'Te', 'Y')",9,10,1
"('Tc', 'K', 'Pt')",4,5,1
"('K', 'Sn', 'N')",6,7,1
"('K', 'Cl', 'Cs')",6,7,1
"('K', 'Cl', 'Tl')",9,10,1
"('K', 'Cl', 'Pt')",8,9,1
"('K', 'Cl', 'Al')",5,6,1
"('Zn', 'Se', 'K')",9,10,1
"('B', 'Rb', 'Na')",6,7,1
"('B', 'Li', 'N')",8,9,1
"('Br', 'Ru', 'Li')",5,6,1
"('B', 'Rb', 'Li')",4,5,1
"('Ca', 'S', 'Li')",6,7,1
"('Sn', 'P', 'Na')",15,16,1
"('Fe', 'K', 'N')",6,7,1
"('P', 'Na', 'Cs')",9,10,1
"('Br', 'K', 'Rb')",5,6,1
"('K', 'Cr', 'Cl')",5,6,1
"('V', 'I', 'Li')",6,7,1
"('O', 'K', 'Mo')",13,14,1
"('Tc', 'Li', 'Pt')",9,10,1
"('Tc', 'Cl', 'Na')",6,7,1
"('K', 'Ba', 'Te')",7,8,1
"('Tc', 'Be', 'Na')",4,5,1
"('Tc', 'Be', 'Li')",4,5,1
"('Rb', 'Li', 'Cl')",6,7,1
"('Br', 'Mg', 'Li')",9,10,1
"('Zr', 'K', 'Pt')",6,7,1
"('Br', 'Ga', 'K')",9,10,1
"('Br', 'Tc', 'Na')",5,6,1
"('Br', 'Si', 'Na')",7,8,1
"('Rb', 'Cl', 'Na')",6,7,1
"('P', 'Li', 'Na')",11,12,1
"('Ag', 'K', 'As')",8,9,1
"('Tc', 'Na', 'Pt')",5,6,1
"('Zr', 'K', 'N')",7,8,1
"('B', 'P', 'Li')",10,11,1
"('K', 'Sr', 'Pt')",6,7,1
"('Br', 'Os', 'K')",5,6,1
"('Br', 'Os', 'Li')",4,5,1
"('V', 'Na', 'N')",6,7,1
"('Ag', 'Se', 'Na')",9,10,1
"('P', 'Na', 'Mo')",10,11,1
"('P', 'Na', 'Ba')",15,16,1
"('H', 'Li', 'Tl')",7,8,1
"('Se', 'Li', 'Ba')",6,7,1
"('Br', 'I', 'Na')",6,7,1
"('Ga', 'K', 'S')",13,14,1
"('Li', 'Ir', 'N')",7,8,1
"('Zr', 'Na', 'N')",7,8,1
"('Se', 'S', 'Li')",5,6,1
"('Ga', 'K', 'N')",7,8,1
"('Zr', 'Na', 'Pt')",7,8,1
"('Hf', 'K', 'Pt')",5,6,1
"('Bi', 'As', 'Na')",7,8,1
"('K', 'Pb', 'P')",9,10,1
"('Bi', 'I', 'Na')",7,8,1
"('Mg', 'I', 'Li')",9,10,1
"('K', 'Pb', 'Cl')",10,11,1
"('Ga', 'K', 'I')",10,11,1
"('H', 'Hf', 'Na')",5,6,1
"('K', 'As', 'P')",8,9,1
"('S', 'Na', 'Al')",8,9,1
"('S', 'Si', 'Li')",10,11,1
"('Li', 'Te', 'Y')",6,7,1
"('Se', 'Sn', 'Li')",11,12,1
"('Sc', 'Na', 'N')",5,6,1
"('S', 'Na', 'Tl')",13,14,1
"('B', 'K', 'Rb')",4,5,1
"('Sc', 'Cl', 'Na')",8,9,1
"('Sc', 'Li', 'Pt')",13,14,1
"('Hf', 'Se', 'K')",10,11,1
"('Sc', 'Si', 'Li')",10,11,1
"('Ga', 'O', 'K')",11,12,1
"('Sc', 'Si', 'Na')",7,8,1
"('Sc', 'I', 'Li')",6,7,1
"('Sc', 'P', 'Na')",8,9,1
"('Sc', 'I', 'Na')",6,7,1
"('S', 'Si', 'Na')",11,12,1
"('K', 'Co', 'I')",5,6,1
"('Zn', 'K', 'S')",9,10,1
"('Li', 'Mo', 'N')",8,9,1
"('Br', 'P', 'Na')",9,10,1
"('In', 'S', 'Li')",11,12,1
"('Se', 'Cl', 'Na')",8,9,1
"('Se', 'Li', 'Cs')",7,8,1
"('H', 'P', 'Li')",8,9,1
"('Se', 'Li', 'Pt')",11,12,1
"('Br', 'Li', 'Ir')",7,8,1
"('H', 'Pb', 'Li')",9,10,1
"('Br', 'Li', 'W')",6,7,1
"('Os', 'Se', 'Na')",7,8,1
"('Li', 'Ge', 'Te')",9,10,1
"('Br', 'Na', 'Ba')",7,8,1
"('Br', 'Na', 'Ta')",6,7,1
"('In', 'I', 'Na')",11,12,1
"('Se', 'I', 'Li')",6,7,1
"('Se', 'K', 'As')",12,13,1
"('Li', 'Ba', 'Te')",5,6,1
"('Sb', 'Na', 'N')",6,7,1
"('Hf', 'Na', 'Pt')",6,7,1
"('K', 'P', 'Te')",10,11,1
"('Cl', 'Na', 'Ge')",6,7,1
"('Zn', 'S', 'Li')",8,9,1
"('Ga', 'P', 'Li')",12,13,1
"('Li', 'Ta', 'Ir')",9,10,1
"('H', 'K', 'Pd')",6,7,1
"('B', 'K', 'N')",6,7,1
"('K', 'P', 'Sr')",10,11,1
"('K', 'P', 'Na')",10,11,1
"('Zr', 'Li', 'Pt')",12,13,1
"('Ga', 'Pd', 'Na')",12,13,1
"('C', 'Cr', 'Li')",6,7,1
"('In', 'Li', 'Cl')",13,14,1
"('P', 'Li', 'Sr')",15,16,1
"('Rh', 'C', 'Na')",3,4,1
"('O', 'Hf', 'Na')",8,9,1
"('Rh', 'O', 'Na')",10,11,1
"('Na', 'N', 'Cd')",7,8,1
"('As', 'Li', 'Cl')",8,9,1
"('O', 'Cl', 'Na')",12,13,1
"('Rh', 'Li', 'Ta')",7,8,1
"('K', 'S', 'Pt')",12,13,1
"('O', 'V', 'Li')",14,15,1
"('Na', 'N', 'Y')",5,6,1
"('K', 'S', 'Y')",10,11,1
"('Mn', 'O', 'K')",15,16,1
"('Zr', 'O', 'Li')",11,12,1
"('Zr', 'Se', 'Li')",9,10,1
"('Rh', 'K', 'Y')",6,7,1
"('Os', 'K', 'P')",7,8,1
"('Si', 'I', 'Na')",8,9,1
"('Na', 'Ta', 'N')",9,10,1
"('Os', 'Li', 'N')",5,6,1
"('Zr', 'O', 'K')",11,12,1
"('K', 'Ca', 'S')",8,9,1
"('O', 'K', 'Sn')",14,15,1
"('K', 'S', 'Ba')",10,11,1
"('O', 'Sc', 'Na')",8,9,1
"('O', 'Ni', 'Na')",8,9,1
"('O', 'Zn', 'Na')",12,13,1
"('Pb', 'P', 'Li')",12,13,1
"('Rh', 'Li', 'Al')",13,14,1
"('Os', 'Sc', 'Na')",5,6,1
"('O', 'P', 'Li')",16,17,1
"('Na', 'Ir', 'Al')",6,7,1
"('O', 'As', 'Li')",14,15,1
"('O', 'Si', 'Na')",12,13,1
"('O', 'Si', 'Li')",17,18,1
"('Rh', 'Br', 'K')",5,6,1
"('Rh', 'As', 'Li')",10,11,1
"('Rh', 'Br', 'Na')",5,6,1
"('Na', 'Al', 'N')",5,6,1
"('Rh', 'Li', 'Y')",8,9,1
"('B', 'Na', 'Ir')",6,7,1
"('Cr', 'Li', 'Cl')",6,7,1
"('I', 'Na', 'W')",4,5,1
"('Rh', 'Ga', 'Li')",15,16,1
"('O', 'Ti', 'Li')",20,21,1
"('Rh', 'Na', 'Al')",6,7,1
"('O', 'Li', 'Al')",15,16,1
"('Rh', 'Na', 'Y')",6,7,1
"('O', 'Cr', 'Li')",12,13,1
"('Pb', 'P', 'Na')",9,10,1
"('Co', 'I', 'Li')",5,6,1
"('Si', 'Na', 'N')",8,9,1
"('Si', 'Na', 'Y')",7,8,1
"('K', 'Cu', 'P')",10,11,1
"('Os', 'K', 'Sc')",5,6,1
"('O', 'K', 'Si')",12,13,1
"('K', 'Cu', 'Cl')",8,9,1
"('Zr', 'Rh', 'Li')",9,10,1
"('Na', 'Ba', 'Te')",8,9,1
"('O', 'K', 'Cd')",14,15,1
"('K', 'Hg', 'Cl')",9,9,0
"('Re', 'Cu', 'Li')",4,4,0
"('K', 'Li', 'Te')",8,8,0
"('K', 'Li', 'Cd')",8,8,0
"('K', 'Li', 'Pt')",8,8,0
"('Se', 'K', 'Sn')",17,17,0
"('K', 'Hg', 'Sr')",10,10,0
"('Re', 'Rb', 'Li')",3,3,0
"('Se', 'K', 'Cr')",12,12,0
"('K', 'Hg', 'Nb')",6,6,0
"('K', 'Li', 'Tl')",8,8,0
"('Ni', 'Na', 'W')",4,4,0
"('K', 'Hg', 'Na')",12,12,0
"('K', 'Li', 'Y')",3,3,0
"('K', 'Li', 'Cs')",4,4,0
"('Ni', 'Li', 'W')",5,5,0
"('Re', 'Rb', 'Na')",4,4,0
"('Ni', 'Li', 'Te')",7,7,0
"('K', 'Li', 'W')",3,3,0
"('K', 'Li', 'Nb')",3,3,0
"('K', 'I', 'Ta')",6,6,0
"('Se', 'K', 'Cu')",12,12,0
"('K', 'P', 'Tl')",9,9,0
"('K', 'I', 'Ba')",5,5,0
"('K', 'P', 'Y')",8,8,0
"('K', 'P', 'Cs')",9,9,0
"('K', 'Li', 'Hg')",8,8,0
"('K', 'Li', 'Cl')",5,5,0
"('K', 'Li', 'Na')",5,5,0
"('K', 'Li', 'Sr')",5,5,0
"('K', 'Li', 'N')",6,6,0
"('K', 'Li', 'Ge')",7,7,0
"('Re', 'Sn', 'Na')",8,8,0
"('K', 'Li', 'Mo')",3,3,0
"('K', 'Li', 'Ba')",3,3,0
"('K', 'Li', 'Ta')",3,3,0
"('Re', 'K', 'Ba')",3,3,0
"('K', 'Li', 'Ir')",5,5,0
"('K', 'Li', 'Al')",7,7,0
"('K', 'Hg', 'Ge')",6,6,0
"('K', 'I', 'Mo')",5,5,0
"('K', 'Hg', 'Ba')",10,10,0
"('K', 'Hg', 'Mo')",6,6,0
"('Ni', 'Li', 'Cd')",8,8,0
"('K', 'I', 'Hg')",9,9,0
"('K', 'I', 'Li')",5,5,0
"('K', 'Hg', 'Cd')",8,8,0
"('Re', 'S', 'Li')",5,5,0
"('Re', 'Na', 'Cd')",6,6,0
"('Re', 'Sc', 'Li')",5,5,0
"('Ni', 'Na', 'Te')",7,7,0
"('K', 'Hg', 'Pt')",7,7,0
"('Re', 'Sc', 'Na')",5,5,0
"('K', 'Hg', 'Tl')",8,8,0
"('K', 'Hg', 'Y')",8,8,0
"('K', 'Hg', 'Cs')",10,10,0
"('Re', 'Bi', 'Li')",5,5,0
"('K', 'Cl', 'Na')",6,6,0
"('Re', 'K', 'Ge')",4,4,0
"('Re', 'K', 'Sr')",3,3,0
"('Re', 'Na', 'Te')",5,5,0
"('Re', 'Bi', 'Na')",5,5,0
"('Ni', 'Li', 'Ge')",15,15,0
"('Ni', 'Na', 'Cd')",7,7,0
"('K', 'I', 'P')",9,9,0
"('K', 'I', 'Cl')",9,9,0
"('Re', 'Na', 'Tl')",7,7,0
"('K', 'I', 'Na')",6,6,0
"('Ni', 'Li', 'Al')",15,15,0
"('Re', 'Cu', 'Na')",3,3,0
"('K', 'Hg', 'Ta')",6,6,0
"('K', 'Hg', 'Ir')",6,6,0
"('Se', 'K', 'Ni')",11,11,0
"('Re', 'Ca', 'Li')",4,4,0
"('Ni', 'Li', 'N')",8,8,0
"('Re', 'Ca', 'Na')",3,3,0
"('K', 'I', 'Ge')",6,6,0
"('K', 'Hg', 'Al')",6,6,0
"('Ni', 'Li', 'Ir')",6,6,0
"('K', 'I', 'Nb')",7,7,0
"('Ni', 'Li', 'Ta')",7,7,0
"('Re', 'K', 'Mo')",4,4,0
"('Re', 'Na', 'Cs')",4,4,0
"('Ni', 'Li', 'Ba')",5,5,0
"('K', 'Hg', 'N')",7,7,0
"('Ni', 'Li', 'Mo')",6,6,0
"('K', 'Hg', 'W')",6,6,0
"('Re', 'Na', 'Y')",4,4,0
"('K', 'I', 'Sr')",5,5,0
"('K', 'P', 'Cd')",12,12,0
"('Se', 'K', 'Ir')",9,9,0
"('K', 'P', 'W')",8,8,0
"('Ni', 'Na', 'Ge')",8,8,0
"('K', 'As', 'Y')",6,6,0
"('K', 'As', 'Cs')",9,9,0
"('Se', 'K', 'Li')",9,9,0
"('Re', 'Ni', 'Na')",4,4,0
"('Re', 'Cr', 'Li')",3,3,0
"('K', 'Be', 'Li')",3,3,0
"('K', 'I', 'Y')",5,5,0
"('K', 'Be', 'Hg')",6,6,0
"('K', 'Be', 'Cl')",5,5,0
"('Ni', 'Na', 'Sr')",6,6,0
"('Se', 'K', 'Cl')",9,9,0
"('K', 'Be', 'Na')",4,4,0
"('Ni', 'Na', 'Nb')",5,5,0
"('K', 'Be', 'Nb')",7,7,0
"('K', 'Be', 'Sr')",4,4,0
"('K', 'Be', 'Ge')",3,3,0
"('Se', 'K', 'P')",15,15,0
"('K', 'Be', 'Mo')",5,5,0
"('Re', 'K', 'Te')",6,6,0
"('K', 'Be', 'Ba')",3,3,0
"('K', 'As', 'Tl')",7,7,0
"('K', 'As', 'Te')",10,10,0
"('Re', 'K', 'W')",3,3,0
"('Re', 'K', 'Y')",4,4,0
"('Se', 'K', 'Ba')",9,9,0
"('Se', 'K', 'Ge')",13,13,0
"('Se', 'K', 'Sr')",8,8,0
"('K', 'As', 'Na')",9,9,0
"('Ni', 'Na', 'Ta')",6,6,0
"('Re', 'K', 'Tl')",5,5,0
"('K', 'As', 'Sr')",9,9,0
"('Ni', 'Na', 'Ir')",3,3,0
"('Se', 'K', 'Nb')",13,13,0
"('Re', 'K', 'Cd')",5,5,0
"('K', 'As', 'W')",6,6,0
"('Ni', 'Na', 'Ba')",6,6,0
"('Ni', 'Na', 'Mo')",5,5,0
"('K', 'As', 'Ge')",8,8,0
"('Re', 'K', 'Cs')",4,4,0
"('Re', 'Ni', 'Li')",5,5,0
"('K', 'As', 'Mo')",8,8,0
"('K', 'As', 'Ir')",7,7,0
"('K', 'As', 'Al')",7,7,0
"('K', 'I', 'Cs')",8,8,0
"('Ni', 'Cl', 'Na')",5,5,0
"('Ni', 'Hg', 'Na')",8,8,0
"('K', 'I', 'Ir')",4,4,0
"('K', 'P', 'Ge')",7,7,0
"('Se', 'K', 'Pd')",12,12,0
"('Se', 'K', 'Sb')",16,16,0
"('Ni', 'Li', 'Cs')",4,4,0
"('K', 'I', 'N')",5,5,0
"('Se', 'K', 'Bi')",13,13,0
"('Se', 'K', 'Cd')",11,11,0
"('Re', 'Sn', 'Li')",8,8,0
"('K', 'P', 'Nb')",9,9,0
"('Ni', 'Li', 'Y')",10,10,0
"('K', 'P', 'Mo')",10,10,0
"('Re', 'Cr', 'Na')",3,3,0
"('Ni', 'Li', 'Tl')",7,7,0
"('Ni', 'Li', 'Pt')",12,12,0
"('K', 'P', 'Ba')",12,12,0
"('K', 'P', 'Ta')",9,9,0
"('K', 'P', 'Ir')",9,9,0
"('K', 'P', 'Al')",7,7,0
"('Se', 'K', 'Pt')",11,11,0
"('Re', 'K', 'Ta')",5,5,0
"('Se', 'K', 'Ta')",10,10,0
"('K', 'P', 'Hg')",10,10,0
"('K', 'P', 'Li')",10,10,0
"('K', 'I', 'Tl')",8,8,0
"('Ni', 'Na', 'Al')",8,8,0
"('K', 'I', 'Pt')",8,8,0
"('K', 'I', 'Cd')",7,7,0
"('K', 'Be', 'Ta')",8,8,0
"('Se', 'K', 'N')",8,8,0
"('K', 'Be', 'Ir')",5,5,0
"('K', 'Be', 'Al')",3,3,0
"('Re', 'K', 'Al')",6,6,0
"('K', 'Be', 'N')",5,5,0
"('K', 'Be', 'W')",5,5,0
"('K', 'Be', 'Te')",7,7,0
"('Re', 'K', 'Ir')",5,5,0
"('K', 'Be', 'Cd')",5,5,0
"('Se', 'K', 'I')",9,9,0
"('Se', 'K', 'Co')",9,9,0
"('K', 'Be', 'Pt')",5,5,0
"('K', 'Be', 'Tl')",5,5,0
"('K', 'Be', 'Y')",4,4,0
"('K', 'Be', 'Cs')",4,4,0
"('Se', 'K', 'W')",9,9,0
"('Se', 'K', 'Ru')",8,8,0
"('Se', 'K', 'Au')",16,16,0
"('Ni', 'Bi', 'Na')",6,6,0
"('K', 'Cl', 'Nb')",10,10,0
"('K', 'Cl', 'Sr')",5,5,0
"('K', 'Ta', 'Pt')",6,6,0
"('K', 'Ta', 'Tl')",5,5,0
"('K', 'Ta', 'Y')",3,3,0
"('K', 'Ta', 'Cs')",4,4,0
"('K', 'Ir', 'Al')",6,6,0
"('Re', 'Li', 'Ge')",8,8,0
"('K', 'Ir', 'W')",5,5,0
"('Re', 'Li', 'Sr')",5,5,0
"('Re', 'Li', 'Nb')",5,5,0
"('Re', 'Au', 'Li')",7,7,0
"('K', 'Ir', 'Te')",7,7,0
"('K', 'Ir', 'Cd')",5,5,0
"('K', 'Ir', 'Pt')",3,3,0
"('K', 'Ir', 'Tl')",5,5,0
"('K', 'Ir', 'Y')",6,6,0
"('K', 'Ir', 'Cs')",4,4,0
"('Re', 'Li', 'Na')",4,4,0
"('K', 'Al', 'N')",5,5,0
"('Re', 'Li', 'Cl')",6,6,0
"('K', 'Al', 'W')",5,5,0
"('Re', 'Au', 'Na')",5,5,0
"('K', 'Al', 'Cd')",5,5,0
"('K', 'Al', 'Pt')",9,9,0
"('K', 'Al', 'Tl')",5,5,0
"('Re', 'Li', 'Hg')",5,5,0
"('K', 'Ta', 'Cd')",5,5,0
"('K', 'Ta', 'Te')",9,9,0
"('K', 'Ta', 'W')",5,5,0
"('K', 'Ba', 'Ir')",3,3,0
"('K', 'Mo', 'W')",4,4,0
"('K', 'Mo', 'Te')",9,9,0
"('Re', 'Li', 'Ta')",5,5,0
"('Re', 'Li', 'Ba')",3,3,0
"('K', 'Mo', 'Cd')",5,5,0
"('Re', 'Li', 'Mo')",4,4,0
"('K', 'Mo', 'Pt')",4,4,0
"('K', 'Mo', 'Tl')",5,5,0
"('K', 'Mo', 'Y')",3,3,0
"('K', 'Mo', 'Cs')",4,4,0
"('K', 'Ba', 'Ta')",3,3,0
"('K', 'Ba', 'Al')",6,6,0
"('K', 'Ta', 'N')",8,8,0
"('K', 'Ba', 'N')",8,8,0
"('K', 'Ba', 'W')",3,3,0
"('K', 'Ba', 'Cd')",9,9,0
"('K', 'Ba', 'Pt')",6,6,0
"('K', 'Ba', 'Tl')",8,8,0
"('K', 'Ba', 'Y')",3,3,0
"('Ni', 'Au', 'Na')",5,5,0
"('K', 'Ba', 'Cs')",4,4,0
"('K', 'Ta', 'Ir')",6,6,0
"('K', 'Ta', 'Al')",5,5,0
"('Ni', 'Au', 'Li')",8,8,0
"('K', 'Al', 'Y')",6,6,0
"('K', 'Al', 'Cs')",4,4,0
"('Re', 'P', 'Li')",10,10,0
"('Ni', 'Sn', 'Na')",11,11,0
"('K', 'Pt', 'Tl')",7,7,0
"('K', 'Pt', 'Y')",8,8,0
"('K', 'Pt', 'Cs')",5,5,0
"('K', 'Tl', 'Y')",8,8,0
"('K', 'Tl', 'Cs')",7,7,0
"('K', 'Y', 'Cs')",4,4,0
"('Ni', 'Cr', 'Li')",5,5,0
"('Ni', 'Cr', 'Na')",4,4,0
"('Re', 'Pb', 'Li')",8,8,0
"('Re', 'Pb', 'Na')",6,6,0
"('Ni', 'Sn', 'Li')",14,14,0
"('Ni', 'Rb', 'Li')",4,4,0
"('K', 'Cd', 'Y')",8,8,0
"('Ni', 'Rb', 'Na')",4,4,0
"('Ni', 'Cu', 'Li')",5,5,0
"('Ni', 'Cu', 'Na')",3,3,0
"('Ni', 'Ca', 'Li')",7,7,0
"('Ni', 'Ca', 'Na')",5,5,0
"('Ni', 'S', 'Li')",9,9,0
"('Ni', 'S', 'Na')",11,11,0
"('Ni', 'Sb', 'Na')",9,9,0
"('Ni', 'Sb', 'Li')",11,11,0
"('Ni', 'Sc', 'Li')",8,8,0
"('Ni', 'Sc', 'Na')",7,7,0
"('K', 'Cd', 'Cs')",7,7,0
"('K', 'Cd', 'Tl')",7,7,0
"('Re', 'Be', 'Na')",4,4,0
"('K', 'W', 'Tl')",5,5,0
"('K', 'N', 'Te')",7,7,0
"('K', 'N', 'Cd')",6,6,0
"('Re', 'Be', 'Li')",4,4,0
"('K', 'N', 'Tl')",6,6,0
"('K', 'N', 'Y')",5,5,0
"('Re', 'As', 'Na')",6,6,0
"('K', 'N', 'Cs')",6,6,0
"('Re', 'As', 'Li')",6,6,0
"('K', 'W', 'Te')",7,7,0
"('K', 'W', 'Cd')",5,5,0
"('Ni', 'Pd', 'Na')",5,5,0
"('Ni', 'Pd', 'Li')",8,8,0
"('Re', 'Si', 'Li')",9,9,0
"('K', 'W', 'Y')",3,3,0
"('K', 'W', 'Cs')",4,4,0
"('Re', 'Ru', 'Li')",6,6,0
"('Re', 'Ru', 'Na')",6,6,0
"('K', 'Te', 'Pt')",11,11,0
"('K', 'Te', 'Tl')",12,12,0
"('Re', 'Co', 'Li')",5,5,0
"('Re', 'Co', 'Na')",5,5,0
"('K', 'Te', 'Cs')",12,12,0
"('K', 'Cd', 'Pt')",8,8,0
"('Re', 'Si', 'Na')",6,6,0
"('Re', 'Li', 'Ir')",7,7,0
"('Ni', 'Ru', 'Li')",4,4,0
"('Ni', 'Ru', 'Na')",3,3,0
"('Re', 'Na', 'Mo')",4,4,0
"('K', 'Na', 'Te')",10,10,0
"('K', 'Na', 'Cd')",9,9,0
"('Ni', 'P', 'Na')",12,12,0
"('K', 'Na', 'Pt')",5,5,0
"('K', 'Na', 'Tl')",10,10,0
"('K', 'Na', 'Y')",4,4,0
"('K', 'Na', 'Cs')",6,6,0
"('K', 'Nb', 'Sr')",3,3,0
"('Ni', 'P', 'Li')",16,16,0
"('K', 'Nb', 'Ge')",5,5,0
"('K', 'Nb', 'Mo')",5,5,0
"('Re', 'Na', 'Ge')",5,5,0
"('K', 'Na', 'N')",6,6,0
"('K', 'Nb', 'Ba')",3,3,0
"('K', 'Nb', 'Ta')",3,3,0
"('Ni', 'Be', 'Na')",5,5,0
"('K', 'Nb', 'Ir')",6,6,0
"('Re', 'Na', 'Sr')",5,5,0
"('Re', 'Na', 'Nb')",5,5,0
"('K', 'Nb', 'Al')",5,5,0
"('Re', 'Sb', 'Li')",5,5,0
"('Re', 'Sb', 'Na')",5,5,0
"('K', 'Nb', 'W')",4,4,0
"('K', 'Nb', 'Te')",10,10,0
"('K', 'Na', 'W')",4,4,0
"('K', 'Na', 'Al')",4,4,0
"('K', 'Nb', 'Pt')",7,7,0
"('Ni', 'Li', 'Nb')",6,6,0
"('K', 'Cl', 'Mo')",7,7,0
"('K', 'Cl', 'Ba')",5,5,0
"('K', 'Cl', 'Ta')",8,8,0
"('Ni', 'Li', 'Sr')",7,7,0
"('K', 'Cl', 'N')",5,5,0
"('Ni', 'Bi', 'Li')",7,7,0
"('K', 'Cl', 'Te')",9,9,0
"('Re', 'Na', 'W')",3,3,0
"('Re', 'Na', 'Al')",6,6,0
"('Re', 'Na', 'Ir')",5,5,0
"('K', 'Cl', 'Cd')",9,9,0
"('Ni', 'Li', 'Na')",5,5,0
"('K', 'Na', 'Ir')",4,4,0
"('K', 'Cl', 'Y')",6,6,0
"('Ni', 'Li', 'Cl')",6,6,0
"('K', 'Na', 'Nb')",4,4,0
"('Re', 'Na', 'Ta')",5,5,0
"('K', 'Na', 'Sr')",6,6,0
"('K', 'Na', 'Ge')",5,5,0
"('K', 'Na', 'Mo')",4,4,0
"('K', 'Na', 'Ba')",6,6,0
"('Re', 'Na', 'Ba')",5,5,0
"('K', 'Na', 'Ta')",4,4,0
"('Ni', 'Li', 'Hg')",6,6,0
"('K', 'Nb', 'Cd')",5,5,0
"('Ni', 'Be', 'Li')",6,6,0
"('K', 'Mo', 'Al')",8,8,0
"('K', 'Ge', 'Te')",9,9,0
"('Re', 'Li', 'Cd')",6,6,0
"('Ni', 'Pb', 'Li')",9,9,0
"('K', 'Sr', 'Cs')",4,4,0
"('K', 'Ge', 'Mo')",5,5,0
"('K', 'Ge', 'Ba')",8,8,0
"('K', 'Ge', 'Ta')",6,6,0
"('K', 'Ge', 'Ir')",6,6,0
"('K', 'Ge', 'Al')",3,3,0
"('Re', 'Li', 'Te')",4,4,0
"('K', 'Ge', 'W')",3,3,0
"('Ni', 'Co', 'Na')",4,4,0
"('K', 'Ge', 'Cd')",5,5,0
"('K', 'I', 'Be')",5,5,0
"('K', 'Ge', 'Pt')",7,7,0
"('K', 'Ge', 'Tl')",5,5,0
"('Re', 'Pd', 'Na')",6,6,0
"('K', 'Ge', 'Y')",8,8,0
"('K', 'Ge', 'Cs')",5,5,0
"('Ni', 'Co', 'Li')",5,5,0
"('Re', 'Li', 'W')",3,3,0
"('Re', 'Li', 'Al')",11,11,0
"('K', 'Mo', 'Ba')",3,3,0
"('K', 'Mo', 'Ta')",5,5,0
"('K', 'Mo', 'Ir')",5,5,0
"('Ni', 'Pb', 'Na')",6,6,0
"('Ni', 'Si', 'Li')",15,15,0
"('K', 'Nb', 'Tl')",5,5,0
"('Ni', 'As', 'Li')",9,9,0
"('K', 'Nb', 'Y')",3,3,0
"('K', 'Nb', 'Cs')",4,4,0
"('Ni', 'As', 'Na')",8,8,0
"('K', 'Sr', 'Ge')",6,6,0
"('K', 'Sr', 'Mo')",3,3,0
"('K', 'Sr', 'Ba')",3,3,0
"('K', 'Sr', 'Ta')",3,3,0
"('Re', 'Cl', 'Na')",6,6,0
"('Re', 'Hg', 'Na')",8,8,0
"('K', 'Sr', 'Ir')",4,4,0
"('Re', 'Li', 'Cs')",3,3,0
"('Re', 'Li', 'Y')",4,4,0
"('K', 'Sr', 'Y')",3,3,0
"('Re', 'Li', 'Tl')",6,6,0
"('Ni', 'I', 'Na')",5,5,0
"('Re', 'Pd', 'Li')",8,8,0
"('K', 'Sr', 'Al')",7,7,0
"('K', 'Sr', 'N')",8,8,0
"('K', 'Sr', 'W')",3,3,0
"('K', 'Sr', 'Te')",7,7,0
"('Ni', 'I', 'Li')",6,6,0
"('Ni', 'Si', 'Na')",10,10,0
"('K', 'Sr', 'Cd')",9,9,0
"('K', 'Sr', 'Tl')",8,8,0
"('K', 'Cl', 'W')",9,9,0
"('K', 'Cu', 'Ru')",3,3,0
"('K', 'Si', 'Cs')",6,6,0
"('K', 'Si', 'Y')",6,6,0
"('K', 'Bi', 'Si')",7,7,0
"('K', 'Bi', 'I')",8,8,0
"('K', 'Bi', 'As')",8,8,0
"('K', 'Sn', 'Al')",5,5,0
"('K', 'Bi', 'Be')",6,6,0
"('K', 'Bi', 'P')",10,10,0
"('K', 'Bi', 'Li')",8,8,0
"('K', 'Bi', 'Hg')",9,9,0
"('K', 'Bi', 'Cl')",8,8,0
"('K', 'Bi', 'Na')",10,10,0
"('K', 'Bi', 'Nb')",6,6,0
"('K', 'Bi', 'Sr')",10,10,0
"('K', 'Bi', 'Ge')",6,6,0
"('K', 'Bi', 'Mo')",6,6,0
"('K', 'Bi', 'Ba')",9,9,0
"('K', 'Bi', 'Ta')",6,6,0
"('K', 'Bi', 'Ir')",7,7,0
"('K', 'Bi', 'Al')",6,6,0
"('K', 'Bi', 'N')",7,7,0
"('K', 'Bi', 'W')",6,6,0
"('K', 'Bi', 'Te')",11,11,0
"('K', 'Bi', 'Cd')",8,8,0
"('K', 'Bi', 'Pt')",7,7,0
"('K', 'Bi', 'Tl')",10,10,0
"('K', 'Sn', 'Ir')",10,10,0
"('K', 'Bi', 'Y')",8,8,0
"('K', 'Bi', 'Cs')",12,12,0
"('K', 'Sb', 'Pd')",11,11,0
"('K', 'Sn', 'Ta')",7,7,0
"('K', 'Bi', 'Pb')",9,9,0
"('K', 'Bi', 'Co')",6,6,0
"('K', 'Bi', 'Ru')",6,6,0
"('K', 'Sc', 'N')",5,5,0
"('K', 'Sc', 'P')",8,8,0
"('K', 'Sc', 'Li')",3,3,0
"('K', 'Sc', 'Hg')",8,8,0
"('K', 'Sc', 'Cl')",7,7,0
"('K', 'Sc', 'Na')",4,4,0
"('K', 'Sc', 'Nb')",3,3,0
"('K', 'Sc', 'Sr')",3,3,0
"('K', 'Sc', 'Mo')",3,3,0
"('K', 'Sn', 'Y')",7,7,0
"('K', 'Sc', 'Ba')",3,3,0
"('K', 'Sc', 'Ta')",3,3,0
"('K', 'Sc', 'Ir')",7,7,0
"('K', 'Sc', 'Al')",8,8,0
"('K', 'Sc', 'W')",3,3,0
"('K', 'Bi', 'Au')",11,11,0
"('K', 'Sc', 'Te')",9,9,0
"('K', 'Sc', 'Cd')",8,8,0
"('K', 'Sn', 'Tl')",8,8,0
"('K', 'Sn', 'Pt')",10,10,0
"('K', 'Sn', 'Cd')",8,8,0
"('K', 'Sc', 'Pt')",6,6,0
"('K', 'Sc', 'Tl')",7,7,0
"('K', 'Sn', 'Te')",12,12,0
"('K', 'Sc', 'Y')",3,3,0
"('K', 'Sc', 'Cs')",4,4,0
"('K', 'Bi', 'Sb')",10,10,0
"('K', 'Sn', 'W')",5,5,0
"('K', 'Bi', 'Pd')",10,10,0
"('K', 'Sb', 'Au')",13,13,0
"('K', 'Sb', 'Ru')",8,8,0
"('K', 'Sb', 'Co')",9,9,0
"('K', 'Sn', 'Ru')",6,6,0
"('K', 'Sb', 'Cs')",12,12,0
"('K', 'Sn', 'Li')",10,10,0
"('K', 'Pd', 'Au')",9,9,0
"('K', 'Sn', 'P')",10,10,0
"('K', 'Pd', 'Ru')",3,3,0
"('K', 'Pd', 'Co')",3,3,0
"('K', 'Pd', 'Pb')",8,8,0
"('K', 'Pd', 'Si')",7,7,0
"('K', 'Sn', 'Be')",5,5,0
"('K', 'Sn', 'I')",8,8,0
"('K', 'Sn', 'Si')",6,6,0
"('K', 'Sn', 'Pb')",9,9,0
"('K', 'Sn', 'Co')",7,7,0
"('K', 'Sn', 'Au')",14,14,0
"('K', 'Sb', 'Tl')",10,10,0
"('K', 'Sn', 'Pd')",10,10,0
"('K', 'Sn', 'Sb')",12,12,0
"('K', 'Sn', 'Bi')",10,10,0
"('K', 'Sn', 'Sc')",7,7,0
"('K', 'Sn', 'S')",12,12,0
"('K', 'Sn', 'Ca')",8,8,0
"('K', 'Sn', 'Cu')",6,6,0
"('K', 'Sn', 'Rb')",7,7,0
"('K', 'Cr', 'Cs')",4,4,0
"('K', 'Cr', 'Y')",3,3,0
"('K', 'Cr', 'Tl')",5,5,0
"('K', 'Cr', 'Pt')",4,4,0
"('K', 'Cr', 'Cd')",5,5,0
"('K', 'Sb', 'Y')",9,9,0
"('K', 'Sb', 'Pt')",10,10,0
"('K', 'Sb', 'Pb')",10,10,0
"('K', 'Sn', 'Ge')",6,6,0
"('K', 'Sb', 'Si')",8,8,0
"('K', 'Sb', 'I')",9,9,0
"('K', 'Sb', 'As')",9,9,0
"('K', 'Sb', 'Be')",7,7,0
"('K', 'Sn', 'Ba')",11,11,0
"('K', 'Sn', 'Mo')",6,6,0
"('K', 'Sb', 'P')",10,10,0
"('K', 'Sb', 'Li')",9,9,0
"('K', 'Sb', 'Hg')",11,11,0
"('K', 'Sb', 'Cl')",10,10,0
"('K', 'Sb', 'Na')",10,10,0
"('K', 'Sb', 'Nb')",10,10,0
"('K', 'Sb', 'Sr')",9,9,0
"('K', 'Sn', 'Sr')",10,10,0
"('K', 'Sb', 'Cd')",11,11,0
"('K', 'Sb', 'Ge')",7,7,0
"('K', 'Sb', 'Mo')",8,8,0
"('K', 'Sb', 'Ba')",11,11,0
"('K', 'Sb', 'Ta')",10,10,0
"('K', 'Sn', 'Nb')",7,7,0
"('K', 'Sb', 'Ir')",9,9,0
"('K', 'Sb', 'Al')",9,9,0
"('K', 'Sn', 'Na')",11,11,0
"('K', 'Sn', 'Cl')",10,10,0
"('K', 'Sb', 'N')",8,8,0
"('K', 'Sb', 'W')",7,7,0
"('K', 'Sb', 'Te')",12,12,0
"('K', 'Sn', 'Hg')",8,8,0
"('K', 'Sc', 'Be')",5,5,0
"('K', 'Sc', 'As')",7,7,0
"('K', 'Sn', 'Cs')",8,8,0
"('K', 'Ca', 'P')",9,9,0
"('K', 'Ca', 'Bi')",10,10,0
"('K', 'Ca', 'Sb')",11,11,0
"('K', 'Rb', 'Pt')",3,3,0
"('K', 'Ca', 'Pd')",9,9,0
"('K', 'Rb', 'Cd')",6,6,0
"('K', 'Ca', 'Au')",14,14,0
"('K', 'Ca', 'Ru')",3,3,0
"('K', 'Ca', 'Co')",3,3,0
"('K', 'Ca', 'Pb')",9,9,0
"('K', 'Ca', 'Si')",8,8,0
"('K', 'Ca', 'I')",5,5,0
"('K', 'Ca', 'As')",9,9,0
"('K', 'Ca', 'Be')",4,4,0
"('K', 'Ca', 'Li')",4,4,0
"('K', 'Ca', 'Sc')",3,3,0
"('K', 'Rb', 'Te')",10,10,0
"('K', 'Rb', 'W')",3,3,0
"('K', 'Ca', 'Hg')",11,11,0
"('K', 'Ca', 'Cl')",5,5,0
"('K', 'Ca', 'Na')",4,4,0
"('K', 'Ca', 'Nb')",3,3,0
"('K', 'Ca', 'Sr')",3,3,0
"('K', 'Ca', 'Ge')",7,7,0
"('K', 'Rb', 'N')",5,5,0
"('K', 'Ca', 'Mo')",3,3,0
"('K', 'Ca', 'Ba')",3,3,0
"('K', 'Rb', 'Al')",3,3,0
"('K', 'Ca', 'Ta')",3,3,0
"('K', 'Rb', 'Tl')",6,6,0
"('K', 'Cu', 'Cs')",4,4,0
"('K', 'Ca', 'Al')",5,5,0
"('K', 'Cu', 'Mo')",3,3,0
"('K', 'Cu', 'Pb')",6,6,0
"('K', 'Cu', 'Si')",5,5,0
"('K', 'Cu', 'I')",5,5,0
"('K', 'Cu', 'Be')",4,4,0
"('K', 'Cu', 'Li')",4,4,0
"('K', 'Cu', 'Hg')",6,6,0
"('K', 'Cu', 'Na')",4,4,0
"('K', 'Cu', 'Nb')",3,3,0
"('K', 'Cu', 'Au')",8,8,0
"('K', 'Cu', 'Pd')",6,6,0
"('K', 'Cu', 'Sr')",5,5,0
"('K', 'Cu', 'Ge')",4,4,0
"('K', 'Cu', 'Sb')",9,9,0
"('K', 'Cu', 'Bi')",6,6,0
"('K', 'Cu', 'Y')",6,6,0
"('K', 'Cu', 'Ba')",5,5,0
"('K', 'Cu', 'Ta')",3,3,0
"('K', 'Cu', 'Ir')",3,3,0
"('K', 'Cu', 'Al')",6,6,0
"('K', 'Cu', 'Sc')",5,5,0
"('K', 'Cu', 'S')",13,13,0
"('K', 'Cu', 'W')",3,3,0
"('K', 'Cu', 'Ca')",6,6,0
"('K', 'Rb', 'Cs')",6,6,0
"('K', 'Cu', 'Cd')",5,5,0
"('K', 'Cu', 'Pt')",7,7,0
"('K', 'Rb', 'Y')",3,3,0
"('K', 'Cu', 'Tl')",5,5,0
"('K', 'Ca', 'Ir')",5,5,0
"('K', 'Ca', 'N')",7,7,0
"('K', 'Rb', 'Cu')",3,3,0
"('K', 'S', 'Tl')",11,11,0
"('K', 'S', 'Hg')",13,13,0
"('K', 'Rb', 'Co')",3,3,0
"('K', 'Rb', 'Ru')",3,3,0
"('K', 'Rb', 'Au')",10,10,0
"('K', 'S', 'Nb')",13,13,0
"('K', 'S', 'Sr')",9,9,0
"('K', 'S', 'Ge')",11,11,0
"('K', 'S', 'Mo')",10,10,0
"('K', 'S', 'Ta')",12,12,0
"('K', 'S', 'Ir')",9,9,0
"('K', 'S', 'N')",8,8,0
"('K', 'S', 'W')",8,8,0
"('K', 'S', 'Cd')",11,11,0
"('K', 'Rb', 'Pd')",3,3,0
"('K', 'S', 'Li')",9,9,0
"('K', 'S', 'Cs')",13,13,0
"('K', 'Rb', 'Bi')",9,9,0
"('K', 'Sc', 'Bi')",8,8,0
"('K', 'Sc', 'Sb')",9,9,0
"('K', 'Sc', 'Pd')",5,5,0
"('K', 'Rb', 'Sc')",3,3,0
"('K', 'Sc', 'Au')",9,9,0
"('K', 'Sc', 'Ru')",5,5,0
"('K', 'Sc', 'Co')",6,6,0
"('K', 'Rb', 'S')",11,11,0
"('K', 'Rb', 'Ca')",3,3,0
"('K', 'Sc', 'Pb')",8,8,0
"('K', 'Sc', 'Si')",6,6,0
"('K', 'Rb', 'Pb')",7,7,0
"('K', 'Rb', 'Si')",4,4,0
"('K', 'Ca', 'W')",3,3,0
"('K', 'S', 'Sc')",9,9,0
"('K', 'Ca', 'Te')",7,7,0
"('K', 'Rb', 'Ir')",3,3,0
"('K', 'Rb', 'Ta')",3,3,0
"('K', 'Ca', 'Cd')",8,8,0
"('K', 'Rb', 'Ba')",3,3,0
"('K', 'Rb', 'Mo')",3,3,0
"('K', 'Ca', 'Pt')",7,7,0
"('K', 'Ca', 'Tl')",7,7,0
"('K', 'Rb', 'Ge')",4,4,0
"('K', 'Rb', 'Sr')",3,3,0
"('K', 'Ca', 'Y')",3,3,0
"('K', 'Rb', 'Nb')",3,3,0
"('K', 'Ca', 'Cs')",4,4,0
"('K', 'Rb', 'Na')",5,5,0
"('K', 'S', 'Be')",8,8,0
"('K', 'S', 'Bi')",12,12,0
"('K', 'S', 'Sb')",14,14,0
"('K', 'S', 'Pd')",12,12,0
"('K', 'Rb', 'Cl')",5,5,0
"('K', 'S', 'Au')",14,14,0
"('K', 'Rb', 'Hg')",8,8,0
"('K', 'S', 'Ru')",8,8,0
"('K', 'S', 'Co')",10,10,0
"('K', 'Rb', 'Li')",3,3,0
"('K', 'Rb', 'P')",7,7,0
"('K', 'S', 'I')",8,8,0
"('K', 'Rb', 'Be')",3,3,0
"('K', 'Rb', 'I')",6,6,0
"('K', 'Cr', 'Te')",8,8,0
"('K', 'Cr', 'W')",3,3,0
"('K', 'Cr', 'Al')",5,5,0
"('K', 'Ru', 'Te')",7,7,0
"('K', 'Ru', 'Hg')",6,6,0
"('K', 'Ru', 'Cl')",6,6,0
"('K', 'Ru', 'Na')",4,4,0
"('K', 'Ru', 'Sr')",3,3,0
"('K', 'Ru', 'Ge')",4,4,0
"('K', 'Ru', 'Mo')",4,4,0
"('K', 'Ru', 'Ba')",3,3,0
"('K', 'Ru', 'Ta')",6,6,0
"('K', 'Ru', 'Ir')",5,5,0
"('K', 'Ru', 'Al')",6,6,0
"('Se', 'Sb', 'Li')",7,7,0
"('Se', 'Bi', 'Na')",9,9,0
"('K', 'Ru', 'W')",4,4,0
"('K', 'Ru', 'Cd')",5,5,0
"('Se', 'Sb', 'Na')",10,10,0
"('K', 'Ru', 'Pt')",3,3,0
"('K', 'Ru', 'Tl')",5,5,0
"('K', 'Ru', 'Y')",5,5,0
"('K', 'Ru', 'Cs')",4,4,0
"('K', 'Co', 'Pb')",6,6,0
"('K', 'Co', 'Si')",7,7,0
"('K', 'Co', 'Be')",5,5,0
"('K', 'Co', 'P')",10,10,0
"('Se', 'Bi', 'Li')",7,7,0
"('K', 'Co', 'Li')",3,3,0
"('K', 'Co', 'Hg')",6,6,0
"('K', 'Co', 'Cl')",6,6,0
"('K', 'Co', 'Na')",4,4,0
"('K', 'Ru', 'Li')",3,3,0
"('Se', 'Pd', 'Li')",12,12,0
"('K', 'Co', 'Sr')",3,3,0
"('Se', 'Au', 'Li')",9,9,0
"('K', 'Au', 'Li')",10,10,0
"('K', 'Au', 'Hg')",9,9,0
"('K', 'Au', 'Cl')",10,10,0
"('K', 'Au', 'Na')",9,9,0
"('K', 'Au', 'Nb')",8,8,0
"('K', 'Au', 'Sr')",11,11,0
"('Se', 'Au', 'Na')",11,11,0
"('K', 'Au', 'Ge')",8,8,0
"('K', 'Au', 'Mo')",6,6,0
"('K', 'Au', 'Ba')",10,10,0
"('K', 'Au', 'Ta')",7,7,0
"('K', 'Au', 'Ir')",6,6,0
"('K', 'Au', 'Al')",10,10,0
"('K', 'Au', 'N')",7,7,0
"('K', 'Ru', 'Be')",4,4,0
"('K', 'Au', 'W')",6,6,0
"('K', 'Au', 'Te')",11,11,0
"('K', 'Au', 'Cd')",12,12,0
"('K', 'Au', 'Pt')",6,6,0
"('K', 'Au', 'Tl')",10,10,0
"('K', 'Au', 'Y')",10,10,0
"('K', 'Au', 'Cs')",8,8,0
"('K', 'Ru', 'Co')",3,3,0
"('K', 'Ru', 'Pb')",6,6,0
"('K', 'Ru', 'Si')",7,7,0
"('Se', 'Pd', 'Na')",12,12,0
"('K', 'Ru', 'I')",4,4,0
"('K', 'Ru', 'As')",6,6,0
"('K', 'Co', 'Nb')",5,5,0
"('K', 'Co', 'Ge')",5,5,0
"('K', 'Au', 'Be')",9,9,0
"('K', 'Si', 'Nb')",6,6,0
"('K', 'Pb', 'Cd')",9,9,0
"('K', 'Pb', 'Pt')",9,9,0
"('K', 'Pb', 'Tl')",8,8,0
"('K', 'Pb', 'Y')",9,9,0
"('K', 'Pb', 'Cs')",8,8,0
"('K', 'Si', 'Be')",4,4,0
"('Se', 'Cr', 'Na')",11,11,0
"('K', 'Si', 'P')",10,10,0
"('K', 'Si', 'Li')",10,10,0
"('K', 'Si', 'Hg')",7,7,0
"('Se', 'Cr', 'Li')",8,8,0
"('Se', 'Ni', 'Na')",10,10,0
"('K', 'Si', 'Na')",7,7,0
"('K', 'Si', 'Sr')",8,8,0
"('K', 'Pb', 'W')",6,6,0
"('K', 'Si', 'Ge')",4,4,0
"('K', 'Si', 'Mo')",7,7,0
"('K', 'Si', 'Ba')",8,8,0
"('Se', 'Ni', 'Li')",9,9,0
"('K', 'Si', 'Ta')",8,8,0
"('K', 'Si', 'Ir')",7,7,0
"('K', 'Si', 'Al')",5,5,0
"('K', 'Si', 'N')",6,6,0
"('K', 'Si', 'W')",5,5,0
"('K', 'Si', 'Te')",8,8,0
"('K', 'Si', 'Cd')",6,6,0
"('K', 'Si', 'Pt')",7,7,0
"('K', 'Si', 'Tl')",6,6,0
"('K', 'Pb', 'Te')",10,10,0
"('K', 'Pb', 'N')",7,7,0
"('K', 'Co', 'Mo')",4,4,0
"('K', 'Pb', 'Si')",7,7,0
"('K', 'Co', 'Ba')",3,3,0
"('K', 'Co', 'Ta')",6,6,0
"('K', 'Co', 'Ir')",3,3,0
"('K', 'Co', 'Al')",6,6,0
"('K', 'Co', 'W')",4,4,0
"('K', 'Co', 'Te')",7,7,0
"('K', 'Co', 'Cd')",5,5,0
"('K', 'Co', 'Pt')",6,6,0
"('K', 'Co', 'Tl')",5,5,0
"('Se', 'Cu', 'Na')",10,10,0
"('Se', 'Cu', 'Li')",8,8,0
"('K', 'Co', 'Y')",8,8,0
"('K', 'Co', 'Cs')",4,4,0
"('K', 'Pb', 'I')",8,8,0
"('K', 'Pb', 'Al')",6,6,0
"('K', 'Pb', 'As')",8,8,0
"('K', 'Cu', 'Co')",3,3,0
"('K', 'Pb', 'Li')",11,11,0
"('K', 'Pb', 'Hg')",9,9,0
"('K', 'Pb', 'Na')",10,10,0
"('K', 'Pb', 'Nb')",6,6,0
"('K', 'Pb', 'Sr')",9,9,0
"('K', 'Pb', 'Ge')",6,6,0
"('K', 'Pb', 'Mo')",6,6,0
"('K', 'Pb', 'Ba')",10,10,0
"('K', 'Pb', 'Ta')",6,6,0
"('Se', 'Sn', 'Na')",15,15,0
"('K', 'Pb', 'Ir')",6,6,0
"('Se', 'Ru', 'Li')",5,5,0
"('K', 'Au', 'I')",10,10,0
"('K', 'Cr', 'Ir')",5,5,0
"('K', 'Ni', 'Li')",4,4,0
"('K', 'Ni', 'Te')",8,8,0
"('K', 'Ni', 'W')",4,4,0
"('K', 'Ni', 'Al')",8,8,0
"('K', 'Ni', 'Ir')",3,3,0
"('K', 'Ni', 'Ta')",6,6,0
"('K', 'Ni', 'Ba')",4,4,0
"('K', 'Ni', 'Mo')",5,5,0
"('K', 'Ni', 'Ge')",7,7,0
"('K', 'Ni', 'Sr')",4,4,0
"('K', 'Ni', 'Nb')",5,5,0
"('K', 'Ni', 'Na')",4,4,0
"('K', 'Ni', 'Cl')",6,6,0
"('K', 'Ni', 'Hg')",6,6,0
"('K', 'Pd', 'I')",5,5,0
"('K', 'Ni', 'Pt')",6,6,0
"('K', 'Pd', 'Be')",7,7,0
"('K', 'Pd', 'P')",10,10,0
"('K', 'Ni', 'P')",13,13,0
"('K', 'Pd', 'Li')",7,7,0
"('K', 'Ni', 'Be')",5,5,0
"('K', 'Ni', 'I')",5,5,0
"('K', 'Pd', 'Hg')",8,8,0
"('K', 'Pd', 'Cl')",7,7,0
"('K', 'Pd', 'Na')",6,6,0
"('K', 'Pd', 'Nb')",5,5,0
"('K', 'Ni', 'Si')",9,9,0
"('K', 'Pd', 'Sr')",6,6,0
"('K', 'Ni', 'Pb')",6,6,0
"('K', 'Ni', 'Cd')",6,6,0
"('K', 'Ni', 'Tl')",5,5,0
"('K', 'Ni', 'Co')",4,4,0
"('K', 'Cr', 'Si')",6,6,0
"('K', 'Cr', 'Ta')",4,4,0
"('K', 'Cr', 'Ba')",3,3,0
"('K', 'Cr', 'Mo')",3,3,0
"('K', 'Cr', 'Ge')",4,4,0
"('K', 'Cr', 'Sr')",3,3,0
"('K', 'Cr', 'Nb')",4,4,0
"('K', 'Cr', 'Na')",4,4,0
"('K', 'Cr', 'Hg')",6,6,0
"('K', 'Cr', 'Li')",3,3,0
"('K', 'Cr', 'P')",10,10,0
"('K', 'Cr', 'Be')",5,5,0
"('K', 'Cr', 'As')",6,6,0
"('K', 'Cr', 'I')",5,5,0
"('K', 'Cr', 'Pb')",6,6,0
"('K', 'Ni', 'Y')",9,9,0
"('K', 'Cr', 'Co')",4,4,0
"('K', 'Cr', 'Ru')",3,3,0
"('K', 'Cr', 'Au')",6,6,0
"('K', 'Cr', 'Pd')",4,4,0
"('K', 'Cr', 'Sb')",7,7,0
"('K', 'Cr', 'Bi')",6,6,0
"('K', 'Cr', 'Sc')",3,3,0
"('K', 'Cr', 'S')",13,13,0
"('K', 'Cr', 'Ca')",3,3,0
"('K', 'Cr', 'Cu')",3,3,0
"('K', 'Cr', 'Rb')",3,3,0
"('K', 'Cr', 'Sn')",5,5,0
"('K', 'Ni', 'Cs')",4,4,0
"('K', 'Pd', 'Ge')",6,6,0
"('K', 'Ni', 'Ru')",3,3,0
"('K', 'Au', 'Si')",7,7,0
"('Se', 'P', 'Na')",11,11,0
"('Se', 'Hg', 'Na')",12,12,0
"('Se', 'Li', 'Tl')",9,9,0
"('Se', 'Li', 'Cd')",8,8,0
"('Se', 'Li', 'Te')",6,6,0
"('Se', 'Li', 'W')",5,5,0
"('Se', 'Li', 'N')",7,7,0
"('Se', 'Li', 'Ta')",7,7,0
"('Se', 'Li', 'Mo')",5,5,0
"('Se', 'Li', 'Sr')",7,7,0
"('Se', 'Li', 'Nb')",9,9,0
"('Se', 'Li', 'Na')",9,9,0
"('Se', 'Li', 'Cl')",6,6,0
"('Se', 'Li', 'Hg')",7,7,0
"('Se', 'P', 'Li')",9,9,0
"('Se', 'Na', 'Ge')",14,14,0
"('Se', 'Be', 'Na')",7,7,0
"('Se', 'Be', 'Li')",5,5,0
"('Se', 'As', 'Na')",11,11,0
"('Se', 'As', 'Li')",8,8,0
"('Se', 'I', 'Na')",8,8,0
"('Se', 'Si', 'Na')",12,12,0
"('Se', 'Pb', 'Na')",10,10,0
"('Se', 'Co', 'Na')",8,8,0
"('Se', 'Co', 'Li')",6,6,0
"('Se', 'Ru', 'Na')",7,7,0
"('K', 'Au', 'Ru')",6,6,0
"('K', 'Au', 'Co')",6,6,0
"('K', 'Au', 'Pb')",12,12,0
"('Se', 'Na', 'Nb')",12,12,0
"('Se', 'Na', 'Mo')",8,8,0
"('K', 'Pd', 'Mo')",4,4,0
"('K', 'Ni', 'Ca')",5,5,0
"('K', 'Pd', 'Ba')",6,6,0
"('K', 'Pd', 'Ta')",5,5,0
"('K', 'Pd', 'Ir')",3,3,0
"('K', 'Ni', 'Au')",6,6,0
"('K', 'Pd', 'Al')",8,8,0
"('K', 'Pd', 'N')",4,4,0
"('K', 'Pd', 'W')",4,4,0
"('K', 'Ni', 'Pd')",3,3,0
"('K', 'Ni', 'Sb')",11,11,0
"('K', 'Ni', 'Bi')",7,7,0
"('K', 'Ni', 'Sc')",7,7,0
"('K', 'Pd', 'Te')",11,11,0
"('K', 'Ni', 'S')",12,12,0
"('K', 'Ni', 'Cu')",3,3,0
"('Se', 'Na', 'Ir')",8,8,0
"('K', 'Pd', 'Cd')",7,7,0
"('K', 'Pd', 'Pt')",6,6,0
"('K', 'Ni', 'Rb')",3,3,0
"('K', 'Ni', 'Sn')",8,8,0
"('K', 'Pd', 'Tl')",8,8,0
"('K', 'Pd', 'Y')",5,5,0
"('K', 'Ni', 'Cr')",4,4,0
"('K', 'Pd', 'Cs')",4,4,0
"('Se', 'Na', 'Pt')",11,11,0
"('Se', 'Na', 'Cd')",10,10,0
"('Se', 'Na', 'W')",7,7,0
"('Se', 'Na', 'N')",7,7,0
"('Se', 'Na', 'Al')",9,9,0
"('K', 'Pb', 'Be')",6,6,0
"('Rb', 'Na', 'Al')",4,4,0
"('Ni', 'Na', 'Pt')",7,7,0
"('I', 'Li', 'Ge')",10,10,0
"('I', 'Li', 'Nb')",7,7,0
"('I', 'Li', 'Cl')",7,7,0
"('I', 'Li', 'Hg')",8,8,0
"('I', 'P', 'Na')",9,9,0
"('I', 'P', 'Li')",10,10,0
"('I', 'Be', 'Na')",5,5,0
"('I', 'Be', 'Li')",5,5,0
"('Si', 'Na', 'Cs')",8,8,0
"('Si', 'Na', 'Tl')",9,9,0
"('Si', 'Na', 'Pt')",9,9,0
"('Si', 'Na', 'Cd')",8,8,0
"('Si', 'Na', 'Te')",8,8,0
"('Si', 'Na', 'W')",6,6,0
"('Si', 'Na', 'Al')",6,6,0
"('Si', 'Na', 'Ta')",9,9,0
"('I', 'Li', 'Sr')",7,7,0
"('I', 'Li', 'Mo')",5,5,0
"('Si', 'Na', 'Mo')",8,8,0
"('I', 'Li', 'Ta')",6,6,0
"('I', 'Na', 'Ba')",7,7,0
"('I', 'Na', 'Mo')",5,5,0
"('I', 'Na', 'Ge')",7,7,0
"('I', 'Na', 'Sr')",7,7,0
"('I', 'Na', 'Nb')",7,7,0
"('I', 'Hg', 'Na')",11,11,0
"('I', 'Li', 'Cs')",7,7,0
"('I', 'Li', 'Y')",5,5,0
"('I', 'Li', 'Tl')",9,9,0
"('I', 'Li', 'Pt')",12,12,0
"('I', 'Li', 'Cd')",8,8,0
"('I', 'Li', 'Te')",8,8,0
"('I', 'Li', 'N')",6,6,0
"('I', 'Li', 'Al')",9,9,0
"('I', 'Li', 'Ir')",6,6,0
"('Si', 'Na', 'Ba')",11,11,0
"('Si', 'Na', 'Ge')",6,6,0
"('I', 'Na', 'Ir')",4,4,0
"('Si', 'Li', 'Na')",12,12,0
"('Si', 'P', 'Li')",14,14,0
"('Si', 'Be', 'Na')",5,5,0
"('Si', 'Be', 'Li')",8,8,0
"('Si', 'As', 'Na')",10,10,0
"('Si', 'As', 'Li')",12,12,0
"('Si', 'I', 'Li')",11,11,0
"('Pb', 'Na', 'Cs')",9,9,0
"('Pb', 'Na', 'Y')",9,9,0
"('Pb', 'Na', 'Tl')",10,10,0
"('Pb', 'Na', 'Pt')",10,10,0
"('Pb', 'Na', 'Cd')",10,10,0
"('Pb', 'Na', 'Te')",9,9,0
"('Pb', 'Na', 'W')",6,6,0
"('Pb', 'Na', 'N')",7,7,0
"('Pb', 'Na', 'Al')",6,6,0
"('Si', 'Li', 'Hg')",10,10,0
"('Si', 'Li', 'Nb')",10,10,0
"('Si', 'Na', 'Sr')",11,11,0
"('Si', 'Li', 'Sr')",15,15,0
"('Si', 'Na', 'Nb')",7,7,0
"('Si', 'Hg', 'Na')",10,10,0
"('Si', 'Li', 'Cs')",9,9,0
"('Si', 'Li', 'Y')",11,11,0
"('Si', 'Li', 'Tl')",11,11,0
"('Si', 'Li', 'Pt')",18,18,0
"('Si', 'Li', 'Cd')",11,11,0
"('Si', 'Li', 'Te')",9,9,0
"('Si', 'Li', 'W')",9,9,0
"('Si', 'Li', 'N')",13,13,0
"('Si', 'Li', 'Al')",13,13,0
"('Si', 'Li', 'Ta')",12,12,0
"('Si', 'Li', 'Ba')",14,14,0
"('Si', 'Li', 'Mo')",11,11,0
"('Si', 'Li', 'Ge')",12,12,0
"('I', 'Na', 'Ta')",6,6,0
"('I', 'Na', 'Al')",6,6,0
"('Be', 'Na', 'Cs')",4,4,0
"('Be', 'Li', 'Y')",4,4,0
"('Be', 'Li', 'Pt')",11,11,0
"('Be', 'Li', 'Cd')",6,6,0
"('Be', 'Li', 'Te')",5,5,0
"('Be', 'Li', 'W')",5,5,0
"('Be', 'Li', 'N')",7,7,0
"('Be', 'Li', 'Al')",7,7,0
"('Be', 'Li', 'Ir')",8,8,0
"('Be', 'Li', 'Ta')",8,8,0
"('Be', 'Li', 'Ba')",3,3,0
"('Be', 'Li', 'Mo')",5,5,0
"('Be', 'Li', 'Ge')",7,7,0
"('Be', 'Li', 'Sr')",6,6,0
"('Be', 'Li', 'Nb')",7,7,0
"('Be', 'Li', 'Na')",4,4,0
"('Be', 'Li', 'Cl')",5,5,0
"('Be', 'Li', 'Tl')",6,6,0
"('Be', 'Li', 'Cs')",3,3,0
"('Be', 'P', 'Na')",8,8,0
"('Be', 'Hg', 'Na')",8,8,0
"('Be', 'Na', 'Tl')",7,7,0
"('Be', 'Na', 'Pt')",6,6,0
"('Be', 'Na', 'Cd')",6,6,0
"('Be', 'Na', 'Te')",6,6,0
"('Be', 'Na', 'W')",5,5,0
"('Be', 'Na', 'N')",5,5,0
"('Be', 'Na', 'Al')",3,3,0
"('Be', 'Na', 'Ir')",5,5,0
"('Be', 'Na', 'Ta')",8,8,0
"('Be', 'Na', 'Ba')",5,5,0
"('Be', 'Na', 'Mo')",5,5,0
"('Be', 'Na', 'Ge')",4,4,0
"('Be', 'Na', 'Sr')",6,6,0
"('Be', 'Na', 'Nb')",7,7,0
"('Be', 'Cl', 'Na')",5,5,0
"('Be', 'Li', 'Hg')",5,5,0
"('As', 'Na', 'Cs')",10,10,0
"('I', 'Na', 'N')",5,5,0
"('As', 'Li', 'Te')",7,7,0
"('As', 'Li', 'Al')",10,10,0
"('As', 'Li', 'Ir')",9,9,0
"('As', 'Li', 'Ta')",9,9,0
"('As', 'Li', 'Ba')",11,11,0
"('As', 'Li', 'Mo')",8,8,0
"('As', 'Li', 'Ge')",11,11,0
"('As', 'Li', 'Nb')",9,9,0
"('As', 'Li', 'Hg')",7,7,0
"('As', 'Be', 'Na')",6,6,0
"('As', 'Be', 'Li')",6,6,0
"('I', 'Na', 'Cs')",8,8,0
"('I', 'Na', 'Y')",5,5,0
"('I', 'Na', 'Tl')",10,10,0
"('I', 'Na', 'Pt')",8,8,0
"('I', 'Na', 'Cd')",8,8,0
"('As', 'Li', 'W')",6,6,0
"('As', 'Li', 'Cd')",10,10,0
"('As', 'Na', 'Y')",6,6,0
"('As', 'Li', 'Tl')",8,8,0
"('As', 'Na', 'Tl')",9,9,0
"('As', 'Na', 'Pt')",7,7,0
"('As', 'Na', 'Cd')",12,12,0
"('As', 'Na', 'Te')",8,8,0
"('As', 'Na', 'W')",6,6,0
"('As', 'Na', 'Al')",7,7,0
"('As', 'Na', 'Ir')",7,7,0
"('As', 'Na', 'Ta')",9,9,0
"('As', 'Na', 'Ba')",11,11,0
"('As', 'Na', 'Mo')",8,8,0
"('As', 'Na', 'Ge')",9,9,0
"('As', 'Na', 'Nb')",9,9,0
"('As', 'Cl', 'Na')",8,8,0
"('As', 'Hg', 'Na')",10,10,0
"('As', 'Li', 'Cs')",8,8,0
"('Pb', 'Na', 'Ir')",6,6,0
"('Pb', 'Na', 'Ta')",6,6,0
"('Pb', 'Na', 'Ba')",12,12,0
"('Ru', 'Li', 'Y')",6,6,0
"('Ru', 'Li', 'Pt')",8,8,0
"('Ru', 'Li', 'Cd')",6,6,0
"('Ru', 'Li', 'Te')",5,5,0
"('Ru', 'Li', 'W')",5,5,0
"('Ru', 'Li', 'Al')",10,10,0
"('Ru', 'Li', 'Ir')",7,7,0
"('Ru', 'Li', 'Ta')",7,7,0
"('Ru', 'Li', 'Ba')",3,3,0
"('Ru', 'Li', 'Mo')",4,4,0
"('Ru', 'Li', 'Ge')",8,8,0
"('Ru', 'Li', 'Sr')",5,5,0
"('Ru', 'Li', 'Na')",4,4,0
"('Ru', 'Li', 'Cl')",5,5,0
"('Ru', 'Li', 'Hg')",5,5,0
"('Ru', 'Be', 'Na')",4,4,0
"('Ru', 'Li', 'Tl')",6,6,0
"('Ru', 'Li', 'Cs')",3,3,0
"('Ru', 'As', 'Li')",6,6,0
"('Ru', 'Hg', 'Na')",8,8,0
"('Ru', 'Na', 'Cs')",4,4,0
"('Ru', 'Na', 'Y')",5,5,0
"('Ru', 'Na', 'Tl')",7,7,0
"('Ru', 'Na', 'Pt')",4,4,0
"('Ru', 'Na', 'Cd')",6,6,0
"('Ru', 'Na', 'Te')",6,6,0
"('Ru', 'Na', 'W')",4,4,0
"('Ru', 'Na', 'Al')",6,6,0
"('Ru', 'Na', 'Ir')",5,5,0
"('Ru', 'Na', 'Ta')",6,6,0
"('Ru', 'Na', 'Ba')",5,5,0
"('Ru', 'Na', 'Mo')",4,4,0
"('Ru', 'Na', 'Ge')",5,5,0
"('Ru', 'Na', 'Sr')",5,5,0
"('Ru', 'Cl', 'Na')",5,5,0
"('Ru', 'Be', 'Li')",4,4,0
"('Ru', 'I', 'Na')",4,4,0
"('Pb', 'Na', 'Mo')",6,6,0
"('Au', 'Na', 'Ba')",11,11,0
"('Au', 'Na', 'Ge')",8,8,0
"('Au', 'Na', 'Sr')",13,13,0
"('Au', 'Na', 'Nb')",7,7,0
"('Au', 'Cl', 'Na')",8,8,0
"('Au', 'Hg', 'Na')",10,10,0
"('Au', 'Li', 'Cs')",8,8,0
"('Au', 'Li', 'Y')",12,12,0
"('Au', 'Li', 'Tl')",12,12,0
"('Au', 'Li', 'Pt')",12,12,0
"('Au', 'Li', 'Cd')",17,17,0
"('Au', 'Li', 'Te')",9,9,0
"('Au', 'Li', 'W')",7,7,0
"('Au', 'Li', 'N')",9,9,0
"('Au', 'Li', 'Al')",17,17,0
"('Au', 'Li', 'Ir')",9,9,0
"('Au', 'Na', 'Mo')",5,5,0
"('Au', 'Na', 'Ta')",6,6,0
"('Ru', 'I', 'Li')",4,4,0
"('Au', 'Na', 'Ir')",5,5,0
"('Ru', 'Si', 'Na')",8,8,0
"('Ru', 'Si', 'Li')",13,13,0
"('Ru', 'Pb', 'Na')",6,6,0
"('Ru', 'Pb', 'Li')",8,8,0
"('Ru', 'Co', 'Na')",3,3,0
"('Ru', 'Co', 'Li')",3,3,0
"('Au', 'Na', 'Cs')",7,7,0
"('Au', 'Na', 'Y')",9,9,0
"('Au', 'Na', 'Tl')",10,10,0
"('Au', 'Na', 'Pt')",6,6,0
"('Au', 'Na', 'Cd')",13,13,0
"('Au', 'Na', 'Te')",9,9,0
"('Au', 'Na', 'W')",5,5,0
"('Au', 'Na', 'N')",6,6,0
"('Au', 'Na', 'Al')",9,9,0
"('Co', 'Pb', 'Li')",8,8,0
"('Co', 'Pb', 'Na')",6,6,0
"('Co', 'Si', 'Li')",12,12,0
"('Pb', 'Li', 'Mo')",8,8,0
"('Pb', 'Li', 'Sr')",14,14,0
"('Pb', 'Li', 'Nb')",8,8,0
"('Pb', 'Li', 'Na')",12,12,0
"('Pb', 'Li', 'Cl')",11,11,0
"('Pb', 'Li', 'Hg')",10,10,0
"('Pb', 'Be', 'Na')",6,6,0
"('Pb', 'Be', 'Li')",8,8,0
"('Pb', 'As', 'Na')",8,8,0
"('Pb', 'As', 'Li')",10,10,0
"('Pb', 'I', 'Li')",10,10,0
"('Pb', 'Si', 'Na')",8,8,0
"('Pb', 'Si', 'Li')",13,13,0
"('Co', 'Na', 'Cs')",4,4,0
"('Co', 'Na', 'Y')",8,8,0
"('Co', 'Na', 'Tl')",7,7,0
"('Pb', 'Li', 'Ge')",12,12,0
"('Pb', 'Li', 'Ba')",12,12,0
"('Co', 'Si', 'Na')",8,8,0
"('Pb', 'Li', 'Ta')",8,8,0
"('Pb', 'Na', 'Ge')",7,7,0
"('Pb', 'Na', 'Sr')",11,11,0
"('Pb', 'Na', 'Nb')",6,6,0
"('Pb', 'Cl', 'Na')",9,9,0
"('Pb', 'Hg', 'Na')",11,11,0
"('Pb', 'Li', 'Cs')",9,9,0
"('Pb', 'Li', 'Y')",11,11,0
"('Pb', 'Li', 'Tl')",11,11,0
"('Pb', 'Li', 'Pt')",17,17,0
"('Pb', 'Li', 'Cd')",12,12,0
"('Pb', 'Li', 'Te')",10,10,0
"('Pb', 'Li', 'W')",8,8,0
"('Pb', 'Li', 'N')",10,10,0
"('Pb', 'Li', 'Al')",12,12,0
"('Pb', 'Li', 'Ir')",10,10,0
"('Co', 'Na', 'Pt')",7,7,0
"('Co', 'Na', 'Cd')",6,6,0
"('Co', 'Na', 'Te')",6,6,0
"('Co', 'Na', 'W')",4,4,0
"('Co', 'Li', 'Ir')",5,5,0
"('Co', 'Li', 'Ta')",6,6,0
"('Co', 'Li', 'Ba')",3,3,0
"('Co', 'Li', 'Mo')",4,4,0
"('Co', 'Li', 'Ge')",11,11,0
"('Co', 'Li', 'Sr')",5,5,0
"('Co', 'Li', 'Nb')",5,5,0
"('Co', 'Li', 'Na')",4,4,0
"('Co', 'Li', 'Cl')",6,6,0
"('Co', 'Li', 'Hg')",5,5,0
"('Co', 'P', 'Na')",10,10,0
"('Co', 'Be', 'Na')",5,5,0
"('Co', 'Be', 'Li')",5,5,0
"('Co', 'As', 'Na')",8,8,0
"('Co', 'As', 'Li')",9,9,0
"('Co', 'Li', 'Al')",10,10,0
"('Co', 'Li', 'W')",4,4,0
"('Co', 'Li', 'Te')",5,5,0
"('Co', 'Na', 'Sr')",5,5,0
"('Co', 'Na', 'Al')",6,6,0
"('Co', 'Na', 'Ir')",3,3,0
"('Co', 'Na', 'Ta')",6,6,0
"('Co', 'Na', 'Ba')",5,5,0
"('Co', 'Na', 'Mo')",4,4,0
"('Co', 'Na', 'Ge')",6,6,0
"('Co', 'Na', 'Nb')",5,5,0
"('Co', 'Li', 'Cd')",6,6,0
"('Co', 'Cl', 'Na')",6,6,0
"('Co', 'Hg', 'Na')",8,8,0
"('Co', 'Li', 'Cs')",3,3,0
"('Co', 'Li', 'Y')",8,8,0
"('Co', 'Li', 'Tl')",6,6,0
"('Co', 'Li', 'Pt')",11,11,0
"('Be', 'Na', 'Y')",4,4,0
"('P', 'Li', 'Hg')",9,9,0
"('Ni', 'Na', 'Tl')",7,7,0
"('Na', 'Nb', 'Cd')",6,6,0
"('Na', 'Nb', 'W')",4,4,0
"('Na', 'Nb', 'N')",8,8,0
"('Na', 'Nb', 'Al')",5,5,0
"('Na', 'Nb', 'Ir')",6,6,0
"('Na', 'Nb', 'Ta')",3,3,0
"('Na', 'Nb', 'Ba')",5,5,0
"('Na', 'Nb', 'Mo')",5,5,0
"('Na', 'Nb', 'Ge')",6,6,0
"('Na', 'Nb', 'Sr')",5,5,0
"('Cl', 'Na', 'Cs')",6,6,0
"('Cl', 'Na', 'Tl')",10,10,0
"('Cl', 'Na', 'Cd')",9,9,0
"('Cl', 'Na', 'W')",6,6,0
"('Cl', 'Na', 'N')",5,5,0
"('Cl', 'Na', 'Ta')",7,7,0
"('Na', 'Nb', 'Te')",9,9,0
"('Na', 'Nb', 'Pt')",8,8,0
"('Cl', 'Na', 'Sr')",7,7,0
"('Na', 'Nb', 'Tl')",7,7,0
"('Na', 'Sr', 'Cs')",6,6,0
"('Na', 'Sr', 'Y')",5,5,0
"('Na', 'Sr', 'Tl')",13,13,0
"('Na', 'Sr', 'Cd')",12,12,0
"('Na', 'Sr', 'Te')",8,8,0
"('Na', 'Sr', 'W')",5,5,0
"('Na', 'Sr', 'N')",10,10,0
"('Na', 'Sr', 'Al')",9,9,0
"('Na', 'Sr', 'Ir')",6,6,0
"('Na', 'Sr', 'Ta')",5,5,0
"('Na', 'Sr', 'Ba')",7,7,0
"('Na', 'Sr', 'Mo')",5,5,0
"('Na', 'Sr', 'Ge')",9,9,0
"('Na', 'Nb', 'Cs')",4,4,0
"('Na', 'Nb', 'Y')",3,3,0
"('Cl', 'Na', 'Mo')",6,6,0
"('Cl', 'Na', 'Nb')",9,9,0
"('Na', 'Ge', 'Ba')",11,11,0
"('Li', 'Tl', 'Cs')",7,7,0
"('Li', 'Pt', 'Cs')",8,8,0
"('Li', 'Pt', 'Y')",14,14,0
"('Li', 'Pt', 'Tl')",13,13,0
"('Li', 'Cd', 'Cs')",7,7,0
"('Li', 'Cd', 'Y')",9,9,0
"('Li', 'Cd', 'Tl')",10,10,0
"('Li', 'Cd', 'Pt')",15,15,0
"('Li', 'Te', 'Cs')",9,9,0
"('Li', 'Te', 'Tl')",11,11,0
"('Li', 'Te', 'Pt')",13,13,0
"('Li', 'Te', 'Cd')",8,8,0
"('Li', 'W', 'Cs')",3,3,0
"('Li', 'W', 'Y')",3,3,0
"('Li', 'W', 'Tl')",6,6,0
"('Li', 'W', 'Cd')",6,6,0
"('Li', 'Tl', 'Y')",11,11,0
"('Li', 'Y', 'Cs')",3,3,0
"('Hg', 'Na', 'Cs')",12,12,0
"('Hg', 'Cl', 'Na')",11,11,0
"('Hg', 'Na', 'Y')",10,10,0
"('Hg', 'Na', 'Tl')",12,12,0
"('Hg', 'Na', 'Pt')",10,10,0
"('Hg', 'Na', 'Cd')",11,11,0
"('Hg', 'Na', 'Te')",11,11,0
"('Hg', 'Na', 'W')",8,8,0
"('Hg', 'Na', 'N')",9,9,0
"('Hg', 'Na', 'Al')",8,8,0
"('Hg', 'Na', 'Ir')",8,8,0
"('Hg', 'Na', 'Ta')",8,8,0
"('Hg', 'Na', 'Ba')",15,15,0
"('Hg', 'Na', 'Mo')",8,8,0
"('Hg', 'Na', 'Ge')",9,9,0
"('Hg', 'Na', 'Sr')",14,14,0
"('Hg', 'Na', 'Nb')",8,8,0
"('Na', 'Ge', 'Mo')",6,6,0
"('Na', 'Ge', 'Ta')",7,7,0
"('P', 'Li', 'Nb')",10,10,0
"('Na', 'W', 'Te')",6,6,0
"('Na', 'N', 'Tl')",8,8,0
"('Na', 'N', 'Te')",6,6,0
"('Na', 'Al', 'Cs')",4,4,0
"('Na', 'Al', 'Y')",6,6,0
"('Na', 'Al', 'Tl')",7,7,0
"('Na', 'Al', 'Pt')",10,10,0
"('Na', 'Al', 'Cd')",6,6,0
"('Na', 'Al', 'Te')",9,9,0
"('Na', 'Al', 'W')",5,5,0
"('Na', 'Ir', 'Cs')",4,4,0
"('Na', 'Ir', 'Y')",6,6,0
"('Na', 'Ir', 'Tl')",7,7,0
"('Na', 'Ir', 'Pt')",4,4,0
"('Na', 'Ir', 'Cd')",6,6,0
"('Na', 'Ir', 'Te')",6,6,0
"('Na', 'N', 'Cs')",6,6,0
"('Na', 'W', 'Cd')",6,6,0
"('Na', 'Ta', 'Cs')",4,4,0
"('Na', 'W', 'Tl')",7,7,0
"('Na', 'Tl', 'Cs')",9,9,0
"('Na', 'Tl', 'Y')",10,10,0
"('Na', 'Pt', 'Cs')",5,5,0
"('Na', 'Pt', 'Y')",9,9,0
"('Na', 'Pt', 'Tl')",10,10,0
"('Na', 'Cd', 'Cs')",8,8,0
"('Na', 'Cd', 'Y')",9,9,0
"('Na', 'Cd', 'Tl')",10,10,0
"('Na', 'Cd', 'Pt')",11,11,0
"('Na', 'Te', 'Cs')",12,12,0
"('Na', 'Te', 'Tl')",13,13,0
"('Na', 'Te', 'Pt')",10,10,0
"('Na', 'Te', 'Cd')",9,9,0
"('Na', 'W', 'Cs')",4,4,0
"('Na', 'W', 'Y')",3,3,0
"('Na', 'Ir', 'W')",5,5,0
"('Na', 'Ta', 'Y')",3,3,0
"('Na', 'Ge', 'Al')",5,5,0
"('Na', 'Mo', 'Tl')",7,7,0
"('Na', 'Mo', 'Cd')",6,6,0
"('Na', 'Mo', 'Te')",8,8,0
"('Na', 'Mo', 'W')",4,4,0
"('Na', 'Mo', 'Al')",8,8,0
"('Na', 'Mo', 'Ir')",5,5,0
"('Na', 'Mo', 'Ta')",5,5,0
"('Na', 'Mo', 'Ba')",5,5,0
"('Na', 'Ge', 'Cs')",8,8,0
"('Na', 'Ge', 'Y')",9,9,0
"('Na', 'Ge', 'Tl')",8,8,0
"('Na', 'Ge', 'Pt')",10,10,0
"('Na', 'Ge', 'Cd')",7,7,0
"('Na', 'Ge', 'Te')",8,8,0
"('Na', 'Ge', 'W')",4,4,0
"('Na', 'Ge', 'N')",7,7,0
"('Na', 'Mo', 'Pt')",5,5,0
"('Na', 'Mo', 'Y')",3,3,0
"('Na', 'Ta', 'Tl')",7,7,0
"('Na', 'Mo', 'Cs')",4,4,0
"('Na', 'Ta', 'Pt')",7,7,0
"('Na', 'Ta', 'Cd')",6,6,0
"('Na', 'Ta', 'Te')",8,8,0
"('Na', 'Ta', 'W')",5,5,0
"('Na', 'Ta', 'Al')",5,5,0
"('Na', 'Ta', 'Ir')",6,6,0
"('Na', 'Ba', 'Cs')",6,6,0
"('Na', 'Ba', 'Y')",5,5,0
"('Na', 'Ba', 'Tl')",12,12,0
"('Na', 'Ba', 'Pt')",9,9,0
"('Na', 'Ba', 'Cd')",12,12,0
"('Na', 'Ba', 'W')",5,5,0
"('Na', 'Ba', 'Al')",8,8,0
"('Na', 'Ba', 'Ir')",5,5,0
"('Na', 'Ba', 'Ta')",5,5,0
"('Li', 'W', 'Te')",5,5,0
"('Li', 'N', 'Cs')",6,6,0
"('Li', 'N', 'Tl')",8,8,0
"('Li', 'Na', 'Ir')",6,6,0
"('Li', 'Na', 'Ba')",6,6,0
"('Li', 'Na', 'Mo')",4,4,0
"('Li', 'Na', 'Ge')",9,9,0
"('Li', 'Na', 'Sr')",8,8,0
"('Li', 'Na', 'Nb')",4,4,0
"('Li', 'Cl', 'Cs')",6,6,0
"('Li', 'Cl', 'Y')",6,6,0
"('Li', 'Cl', 'Cd')",8,8,0
"('Li', 'Cl', 'Te')",6,6,0
"('Li', 'Cl', 'W')",7,7,0
"('Li', 'Cl', 'N')",7,7,0
"('Li', 'Cl', 'Al')",10,10,0
"('Li', 'Cl', 'Ta')",6,6,0
"('Li', 'Cl', 'Ba')",5,5,0
"('Li', 'Cl', 'Mo')",6,6,0
"('Li', 'Na', 'Ta')",4,4,0
"('Li', 'Na', 'Al')",8,8,0
"('Li', 'Cl', 'Sr')",7,7,0
"('Li', 'Na', 'N')",7,7,0
"('Li', 'Nb', 'W')",4,4,0
"('Li', 'Nb', 'Al')",9,9,0
"('Li', 'Nb', 'Ir')",9,9,0
"('Li', 'Nb', 'Ta')",3,3,0
"('Li', 'Nb', 'Ba')",3,3,0
"('Li', 'Nb', 'Mo')",5,5,0
"('Li', 'Nb', 'Ge')",9,9,0
"('Li', 'Nb', 'Sr')",5,5,0
"('Li', 'Na', 'Cs')",5,5,0
"('Li', 'Na', 'Y')",4,4,0
"('Li', 'Na', 'Tl')",11,11,0
"('Li', 'Na', 'Pt')",10,10,0
"('Li', 'Na', 'Cd')",10,10,0
"('Li', 'Na', 'Te')",8,8,0
"('Li', 'Na', 'W')",4,4,0
"('Li', 'Cl', 'Ge')",9,9,0
"('Li', 'Hg', 'Cs')",8,8,0
"('Li', 'N', 'Cd')",8,8,0
"('P', 'Na', 'Cd')",12,12,0
"('P', 'Na', 'W')",9,9,0
"('P', 'Na', 'Al')",8,8,0
"('P', 'Na', 'Ge')",9,9,0
"('P', 'Na', 'Nb')",9,9,0
"('P', 'Cl', 'Na')",9,9,0
"('P', 'Hg', 'Na')",12,12,0
"('P', 'Li', 'Cs')",9,9,0
"('P', 'Li', 'Tl')",11,11,0
"('P', 'Li', 'Cd')",12,12,0
"('P', 'Li', 'Te')",8,8,0
"('P', 'Li', 'W')",9,9,0
"('P', 'Li', 'Al')",12,12,0
"('P', 'Li', 'Ba')",14,14,0
"('P', 'Li', 'Mo')",11,11,0
"('P', 'Li', 'Ge')",12,12,0
"('P', 'Na', 'Te')",8,8,0
"('P', 'Na', 'Tl')",11,11,0
"('Li', 'Hg', 'Y')",8,8,0
"('Li', 'Hg', 'Cl')",8,8,0
"('Li', 'Hg', 'Tl')",9,9,0
"('Li', 'Hg', 'Pt')",11,11,0
"('Li', 'Hg', 'Cd')",8,8,0
"('Li', 'Hg', 'Te')",7,7,0
"('Li', 'Hg', 'W')",5,5,0
"('Li', 'Hg', 'N')",7,7,0
"('Li', 'Hg', 'Al')",10,10,0
"('Li', 'Hg', 'Ir')",7,7,0
"('Li', 'Hg', 'Ta')",5,5,0
"('Li', 'Hg', 'Ba')",9,9,0
"('Li', 'Hg', 'Mo')",5,5,0
"('Li', 'Hg', 'Ge')",9,9,0
"('Li', 'Hg', 'Sr')",12,12,0
"('Li', 'Hg', 'Nb')",5,5,0
"('Li', 'Hg', 'Na')",11,11,0
"('Li', 'Nb', 'Te')",8,8,0
"('Li', 'Nb', 'Cd')",6,6,0
"('Li', 'Nb', 'Pt')",12,12,0
"('Li', 'Ta', 'Tl')",6,6,0
"('Li', 'Ta', 'Te')",7,7,0
"('Li', 'Ta', 'W')",5,5,0
"('Li', 'Ta', 'N')",12,12,0
"('Li', 'Ta', 'Al')",9,9,0
"('Li', 'Ba', 'Cs')",3,3,0
"('Li', 'Ba', 'Y')",3,3,0
"('Li', 'Ba', 'Tl')",9,9,0
"('Li', 'Ba', 'Pt')",11,11,0
"('Li', 'Ba', 'Cd')",10,10,0
"('Li', 'Ba', 'W')",3,3,0
"('Li', 'Ba', 'N')",9,9,0
"('Li', 'Ba', 'Al')",10,10,0
"('Li', 'Ba', 'Ir')",5,5,0
"('Li', 'Ba', 'Ta')",3,3,0
"('Li', 'Mo', 'Cs')",3,3,0
"('Li', 'Ta', 'Cd')",6,6,0
"('Li', 'Ta', 'Y')",3,3,0
"('Li', 'Nb', 'Tl')",6,6,0
"('Li', 'Ta', 'Cs')",3,3,0
"('Li', 'N', 'Te')",7,7,0
"('Li', 'Al', 'Cs')",7,7,0
"('Li', 'Al', 'Y')",11,11,0
"('Li', 'Al', 'Tl')",10,10,0
"('Li', 'Al', 'Pt')",21,21,0
"('Li', 'Al', 'Cd')",10,10,0
"('Li', 'Al', 'Te')",11,11,0
"('Li', 'Al', 'W')",9,9,0
"('Li', 'Ir', 'Cs')",5,5,0
"('Li', 'Ir', 'Y')",9,9,0
"('Li', 'Ir', 'Tl')",8,8,0
"('Li', 'Ir', 'Pt')",10,10,0
"('Li', 'Ir', 'Cd')",8,8,0
"('Li', 'Ir', 'Te')",7,7,0
"('Li', 'Ir', 'W')",7,7,0
"('Li', 'Mo', 'Y')",3,3,0
"('Li', 'Mo', 'Tl')",6,6,0
"('Li', 'Mo', 'Pt')",9,9,0
"('Li', 'Mo', 'Cd')",6,6,0
"('Li', 'Sr', 'Y')",5,5,0
"('Li', 'Sr', 'Tl')",12,12,0
"('Li', 'Sr', 'Pt')",14,14,0
"('Li', 'Sr', 'Cd')",12,12,0
"('Li', 'Sr', 'Te')",7,7,0
"('Li', 'Sr', 'W')",5,5,0
"('Li', 'Sr', 'N')",13,13,0
"('Li', 'Sr', 'Al')",13,13,0
"('Li', 'Sr', 'Ir')",8,8,0
"('Li', 'Sr', 'Ta')",5,5,0
"('Li', 'Sr', 'Ba')",5,5,0
"('Li', 'Sr', 'Mo')",5,5,0
"('Li', 'Sr', 'Ge')",13,13,0
"('Li', 'Nb', 'Cs')",3,3,0
"('Li', 'Nb', 'Y')",3,3,0
"('Li', 'Sr', 'Cs')",5,5,0
"('Li', 'Ge', 'Mo')",9,9,0
"('Li', 'Ge', 'Ba')",14,14,0
"('Li', 'Ge', 'Cs')",8,8,0
"('Li', 'Mo', 'Te')",6,6,0
"('Li', 'Mo', 'W')",4,4,0
"('Li', 'Mo', 'Al')",12,12,0
"('Li', 'Mo', 'Ir')",7,7,0
"('Li', 'Mo', 'Ta')",5,5,0
"('Li', 'Mo', 'Ba')",3,3,0
"('Li', 'Ge', 'Y')",13,13,0
"('Li', 'Ge', 'Ta')",10,10,0
"('Li', 'Ge', 'Tl')",10,10,0
"('Li', 'Ge', 'Pt')",17,17,0
"('Li', 'Ge', 'Cd')",11,11,0
"('Li', 'Ge', 'W')",7,7,0
"('Li', 'Ge', 'Al')",12,12,0
"('Li', 'Ge', 'Ir')",14,14,0
"('Au', 'Li', 'Ta')",8,8,0
"('Au', 'Li', 'Ba')",11,11,0
"('Au', 'Li', 'Mo')",7,7,0
"('Cu', 'Sc', 'Na')",5,5,0
"('Cu', 'S', 'Na')",11,11,0
"('Cu', 'S', 'Li')",7,7,0
"('Cu', 'Ca', 'Na')",6,6,0
"('Cu', 'Ca', 'Li')",8,8,0
"('Rb', 'Na', 'Cs')",7,7,0
"('Rb', 'Na', 'Y')",4,4,0
"('Rb', 'Na', 'Tl')",9,9,0
"('Rb', 'Na', 'Pt')",5,5,0
"('Rb', 'Na', 'Cd')",8,8,0
"('Rb', 'Na', 'Te')",10,10,0
"('Rb', 'Na', 'W')",4,4,0
"('Rb', 'Na', 'N')",6,6,0
"('Re', 'K', 'Na')",4,4,0
"('Rb', 'Na', 'Ir')",4,4,0
"('Rb', 'Na', 'Ta')",4,4,0
"('Cu', 'Sc', 'Li')",6,6,0
"('Cu', 'Bi', 'Li')",6,6,0
"('Rb', 'Na', 'Mo')",4,4,0
"('Cu', 'Bi', 'Na')",5,5,0
"('Cu', 'I', 'Li')",6,6,0
"('Cu', 'Si', 'Na')",6,6,0
"('Cu', 'Si', 'Li')",12,12,0
"('Cu', 'Pb', 'Na')",6,6,0
"('Cu', 'Pb', 'Li')",9,9,0
"('Cu', 'Co', 'Na')",3,3,0
"('Cu', 'Co', 'Li')",4,4,0
"('Cu', 'Ru', 'Na')",3,3,0
"('Cu', 'Ru', 'Li')",4,4,0
"('Cu', 'Au', 'Na')",7,7,0
"('Cu', 'Au', 'Li')",10,10,0
"('Cu', 'Pd', 'Na')",8,8,0
"('Cu', 'Pd', 'Li')",12,12,0
"('Cu', 'Sb', 'Na')",6,6,0
"('Cu', 'Sb', 'Li')",6,6,0
"('Rb', 'Na', 'Ba')",6,6,0
"('Rb', 'Na', 'Ge')",7,7,0
"('Cu', 'As', 'Li')",7,7,0
"('Rb', 'Li', 'Nb')",3,3,0
"('Rb', 'Li', 'Hg')",7,7,0
"('Rb', 'P', 'Na')",8,8,0
"('Rb', 'P', 'Li')",8,8,0
"('Rb', 'Be', 'Na')",4,4,0
"('Rb', 'Be', 'Li')",3,3,0
"('Rb', 'I', 'Na')",7,7,0
"('Rb', 'I', 'Li')",6,6,0
"('Rb', 'Si', 'Na')",7,7,0
"('Rb', 'Si', 'Li')",8,8,0
"('Rb', 'Pb', 'Na')",8,8,0
"('Rb', 'Pb', 'Li')",9,9,0
"('Rb', 'Co', 'Na')",4,4,0
"('Rb', 'Co', 'Li')",3,3,0
"('Rb', 'Ru', 'Na')",4,4,0
"('Rb', 'Ru', 'Li')",3,3,0
"('Rb', 'Li', 'Na')",5,5,0
"('Rb', 'Li', 'Sr')",5,5,0
"('Rb', 'Na', 'Sr')",6,6,0
"('Rb', 'Li', 'Ge')",8,8,0
"('Rb', 'Na', 'Nb')",4,4,0
"('Rb', 'Hg', 'Na')",11,11,0
"('Rb', 'Li', 'Cs')",5,5,0
"('Rb', 'Li', 'Y')",3,3,0
"('Rb', 'Li', 'Tl')",7,7,0
"('Rb', 'Li', 'Pt')",8,8,0
"('Rb', 'Li', 'Cd')",7,7,0
"('Rb', 'Li', 'Te')",8,8,0
"('Rb', 'Li', 'W')",3,3,0
"('Rb', 'Li', 'N')",6,6,0
"('Rb', 'Li', 'Al')",7,7,0
"('Rb', 'Li', 'Ir')",5,5,0
"('Rb', 'Li', 'Ta')",3,3,0
"('Rb', 'Li', 'Ba')",3,3,0
"('Rb', 'Li', 'Mo')",3,3,0
"('Cu', 'I', 'Na')",5,5,0
"('Cu', 'Be', 'Li')",5,5,0
"('Au', 'Li', 'Ge')",13,13,0
"('Ca', 'Si', 'Li')",15,15,0
"('Ca', 'Pb', 'Li')",14,14,0
"('Ca', 'Co', 'Na')",3,3,0
"('Ca', 'Co', 'Li')",4,4,0
"('Ca', 'Ru', 'Na')",3,3,0
"('Ca', 'Ru', 'Li')",4,4,0
"('Ca', 'Au', 'Na')",14,14,0
"('Ca', 'Au', 'Li')",16,16,0
"('Ca', 'Pd', 'Na')",11,11,0
"('Ca', 'Pd', 'Li')",14,14,0
"('Ca', 'Sb', 'Na')",9,9,0
"('Ca', 'Sb', 'Li')",11,11,0
"('Ca', 'Bi', 'Na')",8,8,0
"('Ca', 'Bi', 'Li')",10,10,0
"('Ca', 'Sc', 'Na')",3,3,0
"('Ca', 'Sc', 'Li')",4,4,0
"('Ca', 'Pb', 'Na')",9,9,0
"('Ca', 'Si', 'Na')",9,9,0
"('Cu', 'Na', 'Y')",6,6,0
"('Ca', 'I', 'Li')",6,6,0
"('Ca', 'Li', 'Ir')",9,9,0
"('Ca', 'Li', 'Ta')",4,4,0
"('Ca', 'Li', 'Ba')",4,4,0
"('Ca', 'Li', 'Mo')",4,4,0
"('Ca', 'Li', 'Ge')",13,13,0
"('Ca', 'Li', 'Sr')",6,6,0
"('Ca', 'Li', 'Nb')",4,4,0
"('Ca', 'Li', 'Na')",5,5,0
"('Ca', 'Li', 'Cl')",6,6,0
"('Ca', 'Li', 'Hg')",12,12,0
"('Ca', 'Be', 'Na')",4,4,0
"('Ca', 'Be', 'Li')",5,5,0
"('Ca', 'As', 'Na')",9,9,0
"('Ca', 'As', 'Li')",10,10,0
"('Ca', 'I', 'Na')",5,5,0
"('Cu', 'Na', 'Cs')",4,4,0
"('Cu', 'Na', 'Tl')",7,7,0
"('Cu', 'Be', 'Na')",4,4,0
"('Cu', 'Li', 'Pt')",13,13,0
"('Cu', 'Li', 'Te')",6,6,0
"('Cu', 'Li', 'W')",4,4,0
"('Cu', 'Li', 'N')",6,6,0
"('Cu', 'Li', 'Al')",13,13,0
"('Cu', 'Li', 'Ir')",6,6,0
"('Cu', 'Li', 'Ta')",4,4,0
"('Cu', 'Li', 'Ba')",6,6,0
"('Cu', 'Li', 'Mo')",4,4,0
"('Cu', 'Li', 'Ge')",11,11,0
"('Cu', 'Li', 'Sr')",8,8,0
"('Cu', 'Li', 'Nb')",4,4,0
"('Cu', 'Li', 'Na')",5,5,0
"('Cu', 'Li', 'Cl')",7,7,0
"('Cu', 'Li', 'Hg')",6,6,0
"('Cu', 'P', 'Li')",13,13,0
"('Cu', 'Li', 'Cd')",7,7,0
"('Cu', 'Li', 'Tl')",7,7,0
"('Cu', 'Na', 'Pt')",8,8,0
"('Cu', 'Li', 'Y')",7,7,0
"('Cu', 'Na', 'Cd')",6,6,0
"('Cu', 'Na', 'Te')",6,6,0
"('Cu', 'Na', 'W')",3,3,0
"('Cu', 'Na', 'N')",4,4,0
"('Cu', 'Na', 'Al')",6,6,0
"('Cu', 'Na', 'Ir')",3,3,0
"('Cu', 'Na', 'Ta')",3,3,0
"('Cu', 'Na', 'Ba')",7,7,0
"('Cu', 'Na', 'Mo')",3,3,0
"('Cu', 'Na', 'Ge')",5,5,0
"('Cu', 'Na', 'Sr')",7,7,0
"('Cu', 'Na', 'Nb')",3,3,0
"('Cu', 'Cl', 'Na')",6,6,0
"('Cu', 'Hg', 'Na')",8,8,0
"('Cu', 'Li', 'Cs')",4,4,0
"('Rb', 'Au', 'Na')",10,10,0
"('Rb', 'Au', 'Li')",11,11,0
"('Rb', 'Pd', 'Na')",6,6,0
"('Cr', 'Li', 'Cs')",3,3,0
"('Cr', 'Li', 'Tl')",6,6,0
"('Cr', 'Li', 'Pt')",9,9,0
"('Cr', 'Li', 'Cd')",6,6,0
"('Cr', 'Li', 'Te')",5,5,0
"('Cr', 'Li', 'W')",3,3,0
"('Cr', 'Li', 'Al')",9,9,0
"('Cr', 'Li', 'Ir')",7,7,0
"('Cr', 'Li', 'Ta')",4,4,0
"('Cr', 'Li', 'Ba')",3,3,0
"('Cr', 'Li', 'Mo')",3,3,0
"('Cr', 'Li', 'Ge')",8,8,0
"('Cr', 'Li', 'Sr')",5,5,0
"('Cr', 'Li', 'Nb')",4,4,0
"('Cr', 'Li', 'Na')",4,4,0
"('Cr', 'Li', 'Hg')",5,5,0
"('Cr', 'Li', 'Y')",3,3,0
"('Cr', 'Hg', 'Na')",8,8,0
"('Cr', 'P', 'Li')",11,11,0
"('Cr', 'Cl', 'Na')",6,6,0
"('Cr', 'Na', 'Cs')",4,4,0
"('Cr', 'Na', 'Y')",3,3,0
"('Cr', 'Na', 'Tl')",7,7,0
"('Cr', 'Na', 'Pt')",5,5,0
"('Cr', 'Na', 'Cd')",6,6,0
"('Cr', 'Na', 'Te')",6,6,0
"('Cr', 'Na', 'W')",3,3,0
"('Cr', 'Na', 'Al')",5,5,0
"('Cr', 'Na', 'Ir')",5,5,0
"('Cr', 'Na', 'Ta')",4,4,0
"('Cr', 'Na', 'Ba')",5,5,0
"('Cr', 'Na', 'Mo')",3,3,0
"('Cr', 'Na', 'Ge')",5,5,0
"('Cr', 'Na', 'Sr')",5,5,0
"('Cr', 'Na', 'Nb')",4,4,0
"('Cr', 'P', 'Na')",10,10,0
"('Cr', 'Be', 'Na')",5,5,0
"('Rb', 'Pd', 'Li')",7,7,0
"('Cr', 'Sb', 'Li')",5,5,0
"('Cr', 'Bi', 'Li')",5,5,0
"('Cr', 'Sc', 'Na')",3,3,0
"('Cr', 'Sc', 'Li')",3,3,0
"('Cr', 'S', 'Na')",11,11,0
"('Cr', 'S', 'Li')",8,8,0
"('Cr', 'Ca', 'Na')",3,3,0
"('Cr', 'Ca', 'Li')",4,4,0
"('Cr', 'Cu', 'Na')",3,3,0
"('Cr', 'Cu', 'Li')",4,4,0
"('Cr', 'Rb', 'Na')",4,4,0
"('Cr', 'Rb', 'Li')",3,3,0
"('Cr', 'Sn', 'Na')",8,8,0
"('Cr', 'Sn', 'Li')",8,8,0
"('Ni', 'Na', 'Cs')",4,4,0
"('Ni', 'Na', 'Y')",9,9,0
"('Cr', 'Bi', 'Na')",5,5,0
"('Cr', 'Sb', 'Na')",5,5,0
"('Cr', 'Be', 'Li')",5,5,0
"('Cr', 'Pd', 'Li')",8,8,0
"('Cr', 'As', 'Na')",6,6,0
"('Cr', 'As', 'Li')",6,6,0
"('Cr', 'I', 'Na')",5,5,0
"('Cr', 'I', 'Li')",5,5,0
"('Cr', 'Si', 'Na')",7,7,0
"('Cr', 'Si', 'Li')",10,10,0
"('Cr', 'Pb', 'Na')",6,6,0
"('Cr', 'Pb', 'Li')",8,8,0
"('Cr', 'Co', 'Na')",4,4,0
"('Cr', 'Co', 'Li')",4,4,0
"('Cr', 'Ru', 'Na')",3,3,0
"('Cr', 'Ru', 'Li')",3,3,0
"('Cr', 'Au', 'Na')",5,5,0
"('Cr', 'Au', 'Li')",7,7,0
"('Cr', 'Pd', 'Na')",6,6,0
"('Sn', 'Rb', 'Li')",10,10,0
"('Sn', 'Rb', 'Na')",11,11,0
"('Sn', 'Cu', 'Li')",12,12,0
"('Sn', 'Na', 'Al')",8,8,0
"('Sn', 'Na', 'Ba')",16,16,0
"('Sn', 'Na', 'Mo')",9,9,0
"('Sn', 'Na', 'Ge')",10,10,0
"('Sn', 'Na', 'Sr')",17,17,0
"('Sn', 'Na', 'Nb')",10,10,0
"('Sn', 'Cl', 'Na')",12,12,0
"('Sn', 'Hg', 'Na')",13,13,0
"('Sn', 'Li', 'Cs')",10,10,0
"('Sn', 'Li', 'Y')",11,11,0
"('Sn', 'Li', 'Tl')",12,12,0
"('Sn', 'Li', 'Cd')",13,13,0
"('Sn', 'Li', 'Te')",10,10,0
"('Sn', 'Li', 'W')",8,8,0
"('Sn', 'Li', 'Al')",12,12,0
"('Sn', 'Li', 'Ir')",18,18,0
"('Sn', 'Na', 'Ta')",10,10,0
"('Sn', 'Na', 'N')",9,9,0
"('Sn', 'Cu', 'Na')",9,9,0
"('Sn', 'Na', 'W')",8,8,0
"('Rb', 'Bi', 'Na')",9,9,0
"('Rb', 'Bi', 'Li')",8,8,0
"('Rb', 'Sc', 'Na')",4,4,0
"('Rb', 'Sc', 'Li')",3,3,0
"('Rb', 'S', 'Li')",9,9,0
"('Rb', 'Ca', 'Na')",4,4,0
"('Rb', 'Ca', 'Li')",4,4,0
"('Rb', 'Cu', 'Na')",4,4,0
"('Rb', 'Cu', 'Li')",4,4,0
"('Sn', 'Na', 'Cs')",11,11,0
"('Sn', 'Na', 'Y')",10,10,0
"('Sn', 'Na', 'Tl')",14,14,0
"('Sn', 'Na', 'Pt')",14,14,0
"('Sn', 'Na', 'Cd')",13,13,0
"('Sn', 'Na', 'Te')",12,12,0
"('Sn', 'Li', 'Ta')",10,10,0
"('Sn', 'Li', 'Ba')",15,15,0
"('Sn', 'Li', 'Mo')",9,9,0
"('Sn', 'Li', 'Ge')",13,13,0
"('Sn', 'Ru', 'Li')",10,10,0
"('Sn', 'Au', 'Na')",15,15,0
"('Sn', 'Au', 'Li')",20,20,0
"('Sn', 'Pd', 'Na')",16,16,0
"('Sn', 'Pd', 'Li')",20,20,0
"('Sn', 'Sb', 'Na')",12,12,0
"('Sn', 'Sb', 'Li')",11,11,0
"('Sn', 'Bi', 'Na')",11,11,0
"('Sn', 'Bi', 'Li')",11,11,0
"('Sn', 'Sc', 'Na')",10,10,0
"('Sn', 'Sc', 'Li')",10,10,0
"('Sn', 'S', 'Na')",17,17,0
"('Sn', 'S', 'Li')",11,11,0
"('Sn', 'Ca', 'Na')",12,12,0
"('Sn', 'Ca', 'Li')",14,14,0
"('Sn', 'Ru', 'Na')",9,9,0
"('Sn', 'Co', 'Li')",10,10,0
"('Sn', 'Co', 'Na')",10,10,0
"('Sn', 'Be', 'Li')",8,8,0
"('Sn', 'Li', 'Sr')",16,16,0
"('Sn', 'Li', 'Nb')",10,10,0
"('Sn', 'Li', 'Na')",14,14,0
"('Sn', 'Li', 'Cl')",11,11,0
"('Sn', 'Li', 'Hg')",10,10,0
"('Sn', 'Be', 'Na')",8,8,0
"('Sn', 'As', 'Na')",13,13,0
"('Sn', 'Pb', 'Li')",14,14,0
"('Sn', 'As', 'Li')",11,11,0
"('Sn', 'I', 'Na')",11,11,0
"('Sn', 'I', 'Li')",11,11,0
"('Sn', 'Si', 'Na')",10,10,0
"('Sn', 'Si', 'Li')",13,13,0
"('Sn', 'Pb', 'Na')",12,12,0
"('Ca', 'Li', 'Al')",11,11,0
"('Ca', 'Li', 'N')",10,10,0
"('Ca', 'Li', 'W')",4,4,0
"('Sb', 'Li', 'Te')",7,7,0
"('Sb', 'Li', 'Al')",10,10,0
"('Sb', 'Li', 'Ir')",9,9,0
"('Sb', 'Li', 'Ta')",8,8,0
"('Sb', 'Li', 'Ba')",10,10,0
"('Sb', 'Li', 'Mo')",6,6,0
"('Sb', 'Li', 'Ge')",9,9,0
"('Sb', 'Li', 'Sr')",11,11,0
"('Sb', 'Li', 'Nb')",8,8,0
"('Sb', 'Li', 'Na')",9,9,0
"('Sb', 'Li', 'Cl')",8,8,0
"('Sb', 'Li', 'Hg')",7,7,0
"('Sb', 'P', 'Na')",8,8,0
"('Sb', 'P', 'Li')",9,9,0
"('Sb', 'Be', 'Na')",5,5,0
"('Sb', 'Be', 'Li')",5,5,0
"('Sb', 'Li', 'W')",5,5,0
"('Sb', 'Li', 'Cd')",9,9,0
"('Sb', 'As', 'Li')",7,7,0
"('Sb', 'Li', 'Tl')",9,9,0
"('Sb', 'Na', 'Cd')",10,10,0
"('Sb', 'Na', 'Te')",8,8,0
"('Sb', 'Na', 'W')",5,5,0
"('Sb', 'Na', 'Al')",7,7,0
"('Sb', 'Na', 'Ir')",7,7,0
"('Sb', 'Na', 'Ta')",8,8,0
"('Sb', 'Na', 'Ba')",11,11,0
"('Sb', 'Na', 'Mo')",6,6,0
"('Sb', 'Na', 'Ge')",6,6,0
"('Sb', 'Na', 'Sr')",9,9,0
"('Sb', 'Na', 'Nb')",8,8,0
"('Sb', 'Cl', 'Na')",9,9,0
"('Sb', 'Hg', 'Na')",10,10,0
"('Sb', 'Li', 'Cs')",8,8,0
"('Sb', 'Li', 'Y')",7,7,0
"('Sb', 'As', 'Na')",7,7,0
"('Sb', 'I', 'Li')",7,7,0
"('Bi', 'Li', 'N')",7,7,0
"('Bi', 'Na', 'W')",5,5,0
"('Bi', 'Na', 'Al')",5,5,0
"('Bi', 'Na', 'Ir')",6,6,0
"('Bi', 'Na', 'Ta')",5,5,0
"('Bi', 'Na', 'Ba')",11,11,0
"('Bi', 'Na', 'Mo')",5,5,0
"('Bi', 'Na', 'Ge')",6,6,0
"('Bi', 'Na', 'Sr')",11,11,0
"('Bi', 'Na', 'Nb')",5,5,0
"('Bi', 'Cl', 'Na')",7,7,0
"('Bi', 'Hg', 'Na')",10,10,0
"('Bi', 'Li', 'Cs')",9,9,0
"('Bi', 'Li', 'Y')",8,8,0
"('Bi', 'Li', 'Tl')",10,10,0
"('Bi', 'Li', 'Cd')",8,8,0
"('Bi', 'Li', 'Te')",7,7,0
"('Bi', 'Na', 'N')",6,6,0
"('Bi', 'Na', 'Te')",8,8,0
"('Sb', 'Si', 'Na')",7,7,0
"('Bi', 'Na', 'Cd')",8,8,0
"('Sb', 'Si', 'Li')",10,10,0
"('Sb', 'Pb', 'Na')",8,8,0
"('Sb', 'Pb', 'Li')",10,10,0
"('Sb', 'Co', 'Na')",7,7,0
"('Sb', 'Co', 'Li')",7,7,0
"('Sb', 'Ru', 'Na')",6,6,0
"('Sb', 'Ru', 'Li')",6,6,0
"('Sb', 'Au', 'Na')",8,8,0
"('Sb', 'Au', 'Li')",11,11,0
"('Sb', 'Pd', 'Na')",11,11,0
"('Sb', 'Pd', 'Li')",15,15,0
"('Bi', 'Na', 'Cs')",10,10,0
"('Bi', 'Na', 'Y')",7,7,0
"('Bi', 'Na', 'Tl')",12,12,0
"('Bi', 'Na', 'Pt')",7,7,0
"('Sb', 'Na', 'Pt')",9,9,0
"('Sb', 'Na', 'Tl')",11,11,0
"('Sb', 'Na', 'Y')",7,7,0
"('Au', 'Ru', 'Na')",5,5,0
"('Pd', 'Na', 'Cs')",6,6,0
"('Pd', 'Na', 'Y')",7,7,0
"('Pd', 'Na', 'Tl')",13,13,0
"('Pd', 'Na', 'Pt')",9,9,0
"('Pd', 'Na', 'Cd')",10,10,0
"('Pd', 'Na', 'Te')",12,12,0
"('Pd', 'Na', 'W')",6,6,0
"('Pd', 'Na', 'N')",6,6,0
"('Pd', 'Na', 'Al')",10,10,0
"('Pd', 'Na', 'Ir')",5,5,0
"('Pd', 'Na', 'Ta')",7,7,0
"('Pd', 'Na', 'Ba')",10,10,0
"('Pd', 'Na', 'Mo')",6,6,0
"('Pd', 'Na', 'Ge')",9,9,0
"('Pd', 'Na', 'Sr')",10,10,0
"('Au', 'Ru', 'Li')",7,7,0
"('Au', 'Co', 'Li')",7,7,0
"('Sb', 'Na', 'Cs')",9,9,0
"('Au', 'Co', 'Na')",5,5,0
"('Au', 'Li', 'Sr')",14,14,0
"('Au', 'Li', 'Nb')",9,9,0
"('Au', 'Li', 'Na')",11,11,0
"('Au', 'Li', 'Hg')",10,10,0
"('Au', 'P', 'Na')",8,8,0
"('Au', 'P', 'Li')",11,11,0
"('Au', 'Be', 'Na')",8,8,0
"('Au', 'Be', 'Li')",10,10,0
"('Au', 'As', 'Li')",10,10,0
"('Au', 'I', 'Na')",7,7,0
"('Au', 'I', 'Li')",10,10,0
"('Au', 'Si', 'Na')",8,8,0
"('Au', 'Si', 'Li')",13,13,0
"('Au', 'Pb', 'Na')",10,10,0
"('Au', 'Pb', 'Li')",14,14,0
"('Pd', 'Cl', 'Na')",8,8,0
"('Pd', 'Hg', 'Na')",13,13,0
"('Pd', 'Li', 'Cs')",7,7,0
"('Pd', 'Li', 'Y')",9,9,0
"('Pd', 'Be', 'Li')",12,12,0
"('Pd', 'As', 'Na')",11,11,0
"('Pd', 'As', 'Li')",15,15,0
"('Pd', 'I', 'Na')",7,7,0
"('Pd', 'I', 'Li')",9,9,0
"('Pd', 'Si', 'Na')",11,11,0
"('Pd', 'Si', 'Li')",17,17,0
"('Pd', 'Pb', 'Na')",10,10,0
"('Pd', 'Pb', 'Li')",16,16,0
"('Pd', 'Co', 'Na')",5,5,0
"('Pd', 'Co', 'Li')",7,7,0
"('Pd', 'Ru', 'Na')",5,5,0
"('Pd', 'Ru', 'Li')",7,7,0
"('Pd', 'Au', 'Na')",10,10,0
"('Pd', 'Au', 'Li')",16,16,0
"('Pd', 'Be', 'Na')",9,9,0
"('Pd', 'Li', 'Hg')",14,14,0
"('Pd', 'Li', 'Cl')",9,9,0
"('Pd', 'Li', 'Al')",19,19,0
"('Pd', 'Li', 'Tl')",15,15,0
"('Pd', 'Li', 'Pt')",15,15,0
"('Pd', 'Li', 'Cd')",15,15,0
"('Pd', 'Li', 'Te')",13,13,0
"('Pd', 'Li', 'W')",8,8,0
"('Pd', 'Li', 'N')",9,9,0
"('Pd', 'Li', 'Ir')",9,9,0
"('Pd', 'Li', 'Na')",10,10,0
"('Pd', 'Li', 'Ta')",9,9,0
"('Pd', 'Li', 'Ba')",10,10,0
"('Pd', 'Li', 'Mo')",8,8,0
"('Pd', 'Li', 'Ge')",16,16,0
"('Pd', 'Li', 'Sr')",12,12,0
"('Pd', 'Li', 'Nb')",9,9,0
"('Bi', 'Li', 'W')",5,5,0
"('Bi', 'Li', 'Al')",9,9,0
"('Ca', 'Li', 'Te')",6,6,0
"('S', 'Li', 'Cd')",8,8,0
"('S', 'Li', 'W')",5,5,0
"('S', 'Li', 'N')",6,6,0
"('S', 'Li', 'Al')",10,10,0
"('S', 'Li', 'Ir')",8,8,0
"('S', 'Li', 'Ba')",7,7,0
"('S', 'Li', 'Mo')",5,5,0
"('S', 'Li', 'Ge')",11,11,0
"('S', 'Li', 'Sr')",8,8,0
"('S', 'Li', 'Nb')",9,9,0
"('S', 'Li', 'Na')",10,10,0
"('S', 'Li', 'Cl')",7,7,0
"('S', 'Li', 'Hg')",7,7,0
"('S', 'P', 'Li')",14,14,0
"('S', 'Be', 'Na')",8,8,0
"('S', 'Be', 'Li')",5,5,0
"('S', 'Li', 'Te')",6,6,0
"('S', 'Li', 'Tl')",9,9,0
"('S', 'I', 'Li')",5,5,0
"('S', 'Li', 'Cs')",9,9,0
"('Sc', 'Pd', 'Li')",10,10,0
"('Sc', 'Sb', 'Na')",7,7,0
"('Sc', 'Sb', 'Li')",7,7,0
"('Sc', 'Bi', 'Na')",7,7,0
"('Sc', 'Bi', 'Li')",7,7,0
"('S', 'Na', 'Pt')",11,11,0
"('S', 'Na', 'Cd')",11,11,0
"('S', 'Na', 'Te')",9,9,0
"('S', 'Na', 'W')",8,8,0
"('S', 'Na', 'N')",8,8,0
"('S', 'Na', 'Ir')",9,9,0
"('S', 'Na', 'Ta')",10,10,0
"('S', 'Na', 'Ba')",12,12,0
"('S', 'Na', 'Ge')",11,11,0
"('S', 'Hg', 'Na')",15,15,0
"('S', 'As', 'Li')",10,10,0
"('S', 'Pb', 'Na')",11,11,0
"('Bi', 'Li', 'Ir')",8,8,0
"('Ca', 'Na', 'Te')",6,6,0
"('Ca', 'Na', 'N')",7,7,0
"('Ca', 'Na', 'Al')",5,5,0
"('Ca', 'Na', 'Ir')",5,5,0
"('Ca', 'Na', 'Ta')",3,3,0
"('Ca', 'Na', 'Ba')",5,5,0
"('Ca', 'Na', 'Mo')",3,3,0
"('Ca', 'Na', 'Ge')",8,8,0
"('Ca', 'Na', 'Sr')",5,5,0
"('Ca', 'Na', 'Nb')",3,3,0
"('Ca', 'Hg', 'Na')",13,13,0
"('Ca', 'Li', 'Cs')",4,4,0
"('Ca', 'Li', 'Y')",4,4,0
"('Ca', 'Li', 'Tl')",10,10,0
"('Ca', 'Li', 'Pt')",13,13,0
"('Ca', 'Li', 'Cd')",10,10,0
"('Ca', 'Na', 'W')",3,3,0
"('Ca', 'Na', 'Cd')",9,9,0
"('S', 'Pb', 'Li')",10,10,0
"('Ca', 'Na', 'Pt')",8,8,0
"('S', 'Co', 'Na')",10,10,0
"('S', 'Ru', 'Na')",8,8,0
"('S', 'Ru', 'Li')",5,5,0
"('S', 'Au', 'Na')",11,11,0
"('S', 'Au', 'Li')",11,11,0
"('S', 'Pd', 'Na')",14,14,0
"('S', 'Pd', 'Li')",12,12,0
"('S', 'Sb', 'Na')",12,12,0
"('S', 'Sb', 'Li')",7,7,0
"('S', 'Bi', 'Na')",10,10,0
"('S', 'Bi', 'Li')",7,7,0
"('S', 'Sc', 'Li')",6,6,0
"('Ca', 'Na', 'Cs')",4,4,0
"('Ca', 'Na', 'Y')",3,3,0
"('Ca', 'Na', 'Tl')",10,10,0
"('Sc', 'Pd', 'Na')",7,7,0
"('Sc', 'Au', 'Li')",12,12,0
"('Sc', 'Au', 'Na')",8,8,0
"('Bi', 'Pb', 'Na')",8,8,0
"('Bi', 'Co', 'Na')",5,5,0
"('Bi', 'Co', 'Li')",5,5,0
"('Bi', 'Ru', 'Na')",5,5,0
"('Bi', 'Ru', 'Li')",5,5,0
"('Bi', 'Au', 'Na')",9,9,0
"('Bi', 'Au', 'Li')",10,10,0
"('Bi', 'Pd', 'Na')",11,11,0
"('Bi', 'Pd', 'Li')",15,15,0
"('Bi', 'Sb', 'Na')",7,7,0
"('Bi', 'Sb', 'Li')",7,7,0
"('Sc', 'Na', 'Cs')",4,4,0
"('Sc', 'Na', 'Y')",3,3,0
"('Sc', 'Na', 'Tl')",9,9,0
"('Sc', 'Na', 'Pt')",7,7,0
"('Sc', 'Na', 'Cd')",9,9,0
"('Bi', 'Pb', 'Li')",10,10,0
"('Bi', 'Si', 'Li')",10,10,0
"('Sc', 'Ru', 'Li')",6,6,0
"('Bi', 'Si', 'Na')",7,7,0
"('Bi', 'Li', 'Ta')",5,5,0
"('Bi', 'Li', 'Ba')",8,8,0
"('Bi', 'Li', 'Mo')",5,5,0
"('Bi', 'Li', 'Ge')",9,9,0
"('Bi', 'Li', 'Sr')",12,12,0
"('Bi', 'Li', 'Nb')",5,5,0
"('Bi', 'Li', 'Na')",9,9,0
"('Bi', 'Li', 'Cl')",7,7,0
"('Bi', 'Li', 'Hg')",8,8,0
"('Bi', 'P', 'Na')",9,9,0
"('Bi', 'P', 'Li')",10,10,0
"('Bi', 'Be', 'Na')",5,5,0
"('Bi', 'Be', 'Li')",5,5,0
"('Bi', 'As', 'Li')",7,7,0
"('Bi', 'I', 'Li')",7,7,0
"('Sc', 'Na', 'Te')",8,8,0
"('Sc', 'Na', 'W')",3,3,0
"('Sc', 'Na', 'Al')",8,8,0
"('Sc', 'Na', 'Ir')",7,7,0
"('Sc', 'Li', 'Sr')",5,5,0
"('Sc', 'Li', 'Nb')",3,3,0
"('Sc', 'Li', 'Na')",4,4,0
"('Sc', 'Li', 'Cl')",7,7,0
"('Sc', 'Li', 'Hg')",8,8,0
"('Sc', 'P', 'Li')",9,9,0
"('Sc', 'Be', 'Na')",5,5,0
"('Sc', 'Be', 'Li')",5,5,0
"('Sc', 'As', 'Na')",7,7,0
"('Sc', 'As', 'Li')",7,7,0
"('Sc', 'Pb', 'Na')",8,8,0
"('Sc', 'Pb', 'Li')",10,10,0
"('Sc', 'Co', 'Na')",6,6,0
"('Sc', 'Co', 'Li')",6,6,0
"('Sc', 'Ru', 'Na')",5,5,0
"('Sc', 'Li', 'Mo')",3,3,0
"('Sc', 'Li', 'Ba')",3,3,0
"('Sc', 'Li', 'Ta')",3,3,0
"('Sc', 'Li', 'Cs')",3,3,0
"('Sc', 'Na', 'Ta')",3,3,0
"('Sc', 'Na', 'Ba')",5,5,0
"('Sc', 'Na', 'Mo')",3,3,0
"('Sc', 'Na', 'Sr')",5,5,0
"('Sc', 'Na', 'Nb')",3,3,0
"('Sc', 'Hg', 'Na')",10,10,0
"('Sc', 'Li', 'Y')",3,3,0
"('Sc', 'Li', 'Ir')",10,10,0
"('Sc', 'Li', 'Tl')",9,9,0
"('Sc', 'Li', 'Cd')",9,9,0
"('Sc', 'Li', 'Te')",7,7,0
"('Sc', 'Li', 'W')",3,3,0
"('Sc', 'Li', 'N')",7,7,0
"('Sc', 'Li', 'Al')",12,12,0
"('Re', 'K', 'Nb')",5,5,0
"('Zr', 'H', 'K')",5,5,0
"('Re', 'K', 'Cl')",7,7,0
"('Mg', 'V', 'Na')",3,3,0
"('Mg', 'Re', 'K')",3,3,0
"('Mg', 'B', 'Na')",8,8,0
"('Mg', 'B', 'Li')",11,11,0
"('Mg', 'B', 'K')",7,7,0
"('Mg', 'In', 'Na')",9,9,0
"('Mg', 'In', 'Li')",16,16,0
"('Mg', 'In', 'K')",9,9,0
"('Mg', 'V', 'Li')",7,7,0
"('Mg', 'Re', 'Na')",3,3,0
"('Mg', 'V', 'K')",3,3,0
"('Mg', 'Os', 'Na')",3,3,0
"('Mg', 'Os', 'Li')",7,7,0
"('Mg', 'Os', 'K')",3,3,0
"('Mg', 'Fe', 'Na')",3,3,0
"('Mg', 'Fe', 'Li')",7,7,0
"('Mg', 'Fe', 'K')",3,3,0
"('Mg', 'Re', 'Li')",7,7,0
"('Mg', 'Se', 'K')",8,8,0
"('Mg', 'K', 'Be')",3,3,0
"('Mg', 'K', 'Bi')",8,8,0
"('Mg', 'K', 'Si')",5,5,0
"('Mg', 'K', 'Pb')",9,9,0
"('Mg', 'K', 'Co')",4,4,0
"('Mg', 'K', 'Ru')",4,4,0
"('Mg', 'K', 'Au')",10,10,0
"('Mg', 'K', 'Pd')",10,10,0
"('Mg', 'K', 'Sb')",9,9,0
"('Mg', 'K', 'Sc')",6,6,0
"('Mg', 'Se', 'Li')",9,9,0
"('Mg', 'K', 'Ca')",4,4,0
"('Mg', 'K', 'Cu')",5,5,0
"('Mg', 'K', 'Rb')",3,3,0
"('Mg', 'K', 'Sn')",9,9,0
"('Mg', 'K', 'Cr')",3,3,0
"('Mg', 'K', 'Ni')",5,5,0
"('Mg', 'Se', 'Na')",7,7,0
"('Mg', 'Hf', 'Na')",3,3,0
"('Mg', 'Hf', 'Li')",7,7,0
"('Mg', 'Hf', 'K')",3,3,0
"('Br', 'Li', 'Cd')",8,8,0
"('Br', 'Na', 'N')",5,5,0
"('Br', 'Na', 'Ge')",7,7,0
"('Br', 'Na', 'Sr')",7,7,0
"('Br', 'Na', 'Nb')",6,6,0
"('Br', 'Hg', 'Na')",11,11,0
"('Br', 'Li', 'Cs')",7,7,0
"('Br', 'Li', 'Tl')",9,9,0
"('Br', 'Li', 'N')",8,8,0
"('Mg', 'Zn', 'Na')",9,9,0
"('Br', 'Li', 'Al')",9,9,0
"('Br', 'Li', 'Ba')",5,5,0
"('Br', 'Li', 'Ge')",10,10,0
"('Br', 'Li', 'Nb')",6,6,0
"('Br', 'Li', 'Hg')",8,8,0
"('Br', 'P', 'Li')",10,10,0
"('Br', 'Be', 'Na')",5,5,0
"('Br', 'Na', 'W')",6,6,0
"('Br', 'Na', 'Cd')",8,8,0
"('Br', 'Na', 'Tl')",10,10,0
"('Br', 'Na', 'Cs')",7,7,0
"('Mg', 'Zn', 'Li')",15,15,0
"('Mg', 'Zn', 'K')",8,8,0
"('Mg', 'Ti', 'Na')",3,3,0
"('Mg', 'Ti', 'Li')",7,7,0
"('Mg', 'Ti', 'K')",3,3,0
"('Mg', 'O', 'Li')",13,13,0
"('Mg', 'C', 'Na')",3,3,0
"('Mg', 'C', 'Li')",7,7,0
"('Mg', 'C', 'K')",4,4,0
"('Mg', 'Tc', 'Na')",4,4,0
"('Mg', 'Tc', 'Li')",8,8,0
"('Mg', 'Tc', 'K')",4,4,0
"('Mg', 'Ga', 'Na')",9,9,0
"('Mg', 'Ga', 'Li')",18,18,0
"('Mg', 'Ga', 'K')",10,10,0
"('Mg', 'K', 'As')",8,8,0
"('Mg', 'K', 'P')",9,9,0
"('Br', 'I', 'Li')",6,6,0
"('Mg', 'Pb', 'Na')",10,10,0
"('Mg', 'Be', 'Na')",3,3,0
"('Mg', 'Be', 'Li')",7,7,0
"('Mg', 'As', 'Na')",8,8,0
"('Mg', 'As', 'Li')",12,12,0
"('Mg', 'I', 'Na')",5,5,0
"('Mg', 'Si', 'Na')",6,6,0
"('Mg', 'Si', 'Li')",15,15,0
"('Mg', 'Pb', 'Li')",17,17,0
"('Mg', 'P', 'Na')",8,8,0
"('Mg', 'Co', 'Na')",4,4,0
"('Mg', 'Co', 'Li')",8,8,0
"('Mg', 'Ru', 'Na')",4,4,0
"('Mg', 'Ru', 'Li')",8,8,0
"('Mg', 'Au', 'Na')",9,9,0
"('Mg', 'Au', 'Li')",17,17,0
"('Mg', 'Pd', 'Na')",12,12,0
"('Mg', 'P', 'Li')",13,13,0
"('Mg', 'Li', 'Hg')",14,14,0
"('Mg', 'K', 'Li')",7,7,0
"('Mg', 'Li', 'Al')",13,13,0
"('Mg', 'Li', 'Y')",10,10,0
"('Mg', 'Li', 'Tl')",14,14,0
"('Mg', 'Li', 'Pt')",17,17,0
"('Mg', 'Li', 'Cd')",15,15,0
"('Mg', 'Li', 'Te')",9,9,0
"('Mg', 'Li', 'W')",7,7,0
"('Mg', 'Li', 'N')",11,11,0
"('Mg', 'Li', 'Ir')",14,14,0
"('Mg', 'Li', 'Cl')",9,9,0
"('Mg', 'Li', 'Ta')",7,7,0
"('Mg', 'Li', 'Ba')",10,10,0
"('Mg', 'Li', 'Mo')",7,7,0
"('Mg', 'Li', 'Ge')",13,13,0
"('Mg', 'Li', 'Sr')",12,12,0
"('Mg', 'Li', 'Nb')",7,7,0
"('Mg', 'Li', 'Na')",8,8,0
"('Mg', 'Pd', 'Li')",20,20,0
"('Mg', 'Sb', 'Na')",7,7,0
"('Mg', 'Sb', 'Li')",10,10,0
"('Mg', 'K', 'Ta')",3,3,0
"('Mg', 'K', 'Pt')",7,7,0
"('Mg', 'K', 'Cd')",8,8,0
"('Mg', 'K', 'Te')",7,7,0
"('Mg', 'K', 'W')",3,3,0
"('Mg', 'K', 'N')",5,5,0
"('Mg', 'K', 'Al')",5,5,0
"('Mg', 'K', 'Ir')",7,7,0
"('Mg', 'K', 'Ba')",6,6,0
"('Mg', 'Bi', 'Na')",6,6,0
"('Mg', 'K', 'Mo')",3,3,0
"('Mg', 'K', 'Ge')",4,4,0
"('Mg', 'K', 'Sr')",6,6,0
"('Mg', 'K', 'Nb')",3,3,0
"('Mg', 'K', 'Na')",4,4,0
"('Mg', 'K', 'Cl')",6,6,0
"('Mg', 'K', 'Hg')",9,9,0
"('Mg', 'K', 'Tl')",7,7,0
"('Mg', 'K', 'Y')",6,6,0
"('Mg', 'K', 'Cs')",4,4,0
"('Mg', 'Ni', 'Li')",10,10,0
"('Mg', 'Bi', 'Li')",11,11,0
"('Mg', 'Sc', 'Na')",6,6,0
"('Mg', 'Sc', 'Li')",10,10,0
"('Mg', 'S', 'Li')",9,9,0
"('Mg', 'Ca', 'Na')",4,4,0
"('Mg', 'Ca', 'Li')",9,9,0
"('Mg', 'Cu', 'Na')",5,5,0
"('Mg', 'Cu', 'Li')",11,11,0
"('Mg', 'Rb', 'Na')",4,4,0
"('Mg', 'Rb', 'Li')",7,7,0
"('Mg', 'Sn', 'Na')",12,12,0
"('Mg', 'Sn', 'Li')",16,16,0
"('Mg', 'Cr', 'Na')",3,3,0
"('Mg', 'Cr', 'Li')",7,7,0
"('Mg', 'Ni', 'Na')",5,5,0
"('Br', 'Be', 'Li')",5,5,0
"('Br', 'Pb', 'Na')",8,8,0
"('Mn', 'K', 'Pb')",6,6,0
"('Mn', 'Ru', 'Na')",4,4,0
"('Mn', 'I', 'Li')",5,5,0
"('Mn', 'Si', 'Na')",8,8,0
"('Mn', 'Si', 'Li')",11,11,0
"('Mn', 'Pb', 'Na')",6,6,0
"('Mn', 'Pb', 'Li')",8,8,0
"('Mn', 'Co', 'Na')",4,4,0
"('Mn', 'Co', 'Li')",4,4,0
"('Mn', 'Ru', 'Li')",4,4,0
"('Mn', 'As', 'Li')",7,7,0
"('Mn', 'Au', 'Na')",7,7,0
"('Mn', 'Au', 'Li')",9,9,0
"('Mn', 'Pd', 'Na')",7,7,0
"('Mn', 'Pd', 'Li')",10,10,0
"('Mn', 'Sb', 'Na')",6,6,0
"('Mn', 'Sb', 'Li')",6,6,0
"('Mn', 'Bi', 'Na')",5,5,0
"('Mn', 'I', 'Na')",5,5,0
"('Mn', 'As', 'Na')",7,7,0
"('Mn', 'Li', 'Cs')",3,3,0
"('Mn', 'Li', 'Ba')",3,3,0
"('Mn', 'Li', 'Tl')",6,6,0
"('Mn', 'Li', 'Cd')",6,6,0
"('Mn', 'Li', 'Te')",5,5,0
"('Mn', 'Li', 'W')",3,3,0
"('Mn', 'Li', 'Al')",11,11,0
"('Mn', 'Li', 'Ir')",7,7,0
"('Mn', 'Li', 'Ta')",5,5,0
"('Mn', 'Li', 'Mo')",3,3,0
"('Mn', 'Be', 'Li')",5,5,0
"('Mn', 'Li', 'Ge')",8,8,0
"('Mn', 'Li', 'Sr')",5,5,0
"('Mn', 'Li', 'Nb')",5,5,0
"('Mn', 'Li', 'Na')",4,4,0
"('Mn', 'Li', 'Cl')",5,5,0
"('Mn', 'Li', 'Hg')",5,5,0
"('Mn', 'Be', 'Na')",5,5,0
"('Mn', 'Bi', 'Li')",5,5,0
"('Mn', 'Sc', 'Na')",4,4,0
"('Mn', 'Sc', 'Li')",4,4,0
"('Mn', 'K', 'Nb')",5,5,0
"('Mn', 'K', 'Al')",7,7,0
"('Mn', 'K', 'Ir')",5,5,0
"('Mn', 'K', 'Ta')",5,5,0
"('Mn', 'K', 'Ba')",3,3,0
"('Mn', 'K', 'Mo')",3,3,0
"('Mn', 'K', 'Ge')",4,4,0
"('Mn', 'K', 'Sr')",3,3,0
"('Mn', 'K', 'Na')",4,4,0
"('Mn', 'S', 'Na')",12,12,0
"('Mn', 'K', 'Cl')",7,7,0
"('Mn', 'K', 'Hg')",6,6,0
"('Mn', 'K', 'Li')",3,3,0
"('Mn', 'K', 'P')",10,10,0
"('Mn', 'K', 'Be')",5,5,0
"('Mn', 'K', 'As')",7,7,0
"('Mn', 'K', 'I')",5,5,0
"('Mn', 'K', 'W')",3,3,0
"('Mn', 'K', 'Cd')",5,5,0
"('Mn', 'K', 'Pt')",5,5,0
"('Mn', 'K', 'Tl')",5,5,0
"('Mn', 'S', 'Li')",7,7,0
"('Mn', 'Ca', 'Na')",3,3,0
"('Mn', 'Ca', 'Li')",4,4,0
"('Mn', 'Cu', 'Na')",3,3,0
"('Mn', 'Cu', 'Li')",4,4,0
"('Mn', 'Rb', 'Na')",4,4,0
"('Mn', 'Rb', 'Li')",3,3,0
"('Mn', 'Sn', 'Na')",9,9,0
"('Mn', 'Sn', 'Li')",9,9,0
"('Mn', 'Cr', 'Na')",3,3,0
"('Mn', 'Cr', 'Li')",3,3,0
"('Mn', 'Ni', 'Na')",4,4,0
"('Mn', 'Ni', 'Li')",5,5,0
"('Mn', 'K', 'Cs')",4,4,0
"('Mn', 'K', 'Y')",3,3,0
"('Mn', 'Li', 'Y')",3,3,0
"('Mn', 'Hg', 'Na')",8,8,0
"('Br', 'Pb', 'Li')",10,10,0
"('Br', 'K', 'Be')",5,5,0
"('Br', 'K', 'Al')",5,5,0
"('Br', 'K', 'Ba')",5,5,0
"('Br', 'K', 'Ge')",6,6,0
"('Br', 'K', 'Sr')",5,5,0
"('Br', 'K', 'Na')",6,6,0
"('Br', 'K', 'Hg')",9,9,0
"('Br', 'K', 'Li')",5,5,0
"('Br', 'K', 'I')",6,6,0
"('Br', 'K', 'W')",6,6,0
"('Br', 'K', 'Pb')",9,9,0
"('Br', 'K', 'Co')",5,5,0
"('Br', 'K', 'Ru')",5,5,0
"('Br', 'K', 'Au')",9,9,0
"('Br', 'K', 'Pd')",6,6,0
"('Br', 'K', 'Bi')",8,8,0
"('Br', 'K', 'Ca')",5,5,0
"('Br', 'K', 'N')",5,5,0
"('Br', 'K', 'Cd')",7,7,0
"('Mn', 'Cl', 'Na')",7,7,0
"('Br', 'Ca', 'Li')",6,6,0
"('Br', 'Co', 'Li')",5,5,0
"('Br', 'Au', 'Na')",7,7,0
"('Br', 'Au', 'Li')",9,9,0
"('Br', 'Pd', 'Na')",7,7,0
"('Br', 'Pd', 'Li')",9,9,0
"('Br', 'Bi', 'Li')",7,7,0
"('Br', 'Ca', 'Na')",5,5,0
"('Br', 'Cu', 'Na')",6,6,0
"('Br', 'K', 'Tl')",9,9,0
"('Br', 'Cu', 'Li')",7,7,0
"('Br', 'Rb', 'Na')",6,6,0
"('Br', 'Rb', 'Li')",5,5,0
"('Br', 'Sn', 'Na')",11,11,0
"('Br', 'Sn', 'Li')",11,11,0
"('Br', 'Ni', 'Na')",5,5,0
"('Br', 'Ni', 'Li')",6,6,0
"('Br', 'K', 'Cu')",7,7,0
"('Br', 'K', 'Sn')",10,10,0
"('Br', 'K', 'Ni')",5,5,0
"('Mn', 'Na', 'W')",3,3,0
"('Br', 'Mg', 'K')",5,5,0
"('Mn', 'Na', 'Cs')",4,4,0
"('Mn', 'Na', 'Y')",3,3,0
"('Mn', 'Na', 'Tl')",7,7,0
"('Mn', 'Na', 'Pt')",6,6,0
"('Mn', 'Na', 'Cd')",6,6,0
"('Mn', 'Na', 'Te')",7,7,0
"('Mn', 'Na', 'Al')",7,7,0
"('Br', 'Se', 'K')",11,11,0
"('Mn', 'Na', 'Ir')",5,5,0
"('Mn', 'Na', 'Ta')",5,5,0
"('Mn', 'Na', 'Ba')",5,5,0
"('Mn', 'Na', 'Mo')",3,3,0
"('Mn', 'Na', 'Ge')",5,5,0
"('Mn', 'Na', 'Sr')",5,5,0
"('Mn', 'Na', 'Nb')",5,5,0
"('Br', 'Mg', 'Na')",5,5,0
"('Br', 'Ga', 'Li')",12,12,0
"('Br', 'Ga', 'Na')",8,8,0
"('Br', 'C', 'K')",5,5,0
"('Br', 'B', 'Na')",7,7,0
"('Br', 'In', 'Na')",10,10,0
"('Br', 'In', 'Li')",12,12,0
"('Br', 'In', 'K')",11,11,0
"('Br', 'Fe', 'Na')",6,6,0
"('Br', 'Fe', 'Li')",6,6,0
"('Br', 'Fe', 'K')",6,6,0
"('Br', 'Zn', 'Na')",8,8,0
"('Br', 'Zn', 'Li')",8,8,0
"('Br', 'Zn', 'K')",7,7,0
"('Br', 'Ti', 'Na')",6,6,0
"('Br', 'Ti', 'Li')",6,6,0
"('Br', 'Ti', 'K')",6,6,0
"('Br', 'C', 'Na')",4,4,0
"('Br', 'C', 'Li')",4,4,0
"('Mg', 'Li', 'Cs')",7,7,0
"('Mg', 'Hg', 'Na')",11,11,0
"('Mg', 'Cl', 'Na')",5,5,0
"('Tc', 'K', 'Pb')",6,6,0
"('Tc', 'K', 'Na')",4,4,0
"('Tc', 'K', 'Hg')",6,6,0
"('Tc', 'K', 'Li')",3,3,0
"('Tc', 'K', 'P')",11,11,0
"('Tc', 'K', 'As')",6,6,0
"('Tc', 'K', 'I')",5,5,0
"('Tc', 'K', 'Si')",5,5,0
"('Tc', 'K', 'Co')",5,5,0
"('Tc', 'K', 'Sr')",3,3,0
"('Tc', 'K', 'Ru')",6,6,0
"('Tc', 'K', 'Au')",6,6,0
"('Tc', 'K', 'Pd')",4,4,0
"('Tc', 'K', 'Sb')",7,7,0
"('Tc', 'K', 'Bi')",6,6,0
"('Tc', 'K', 'Sc')",5,5,0
"('Tc', 'K', 'Ca')",3,3,0
"('Tc', 'K', 'Nb')",5,5,0
"('Tc', 'K', 'Ge')",4,4,0
"('Tc', 'Rb', 'Na')",4,4,0
"('Tc', 'K', 'Y')",4,4,0
"('Tc', 'Sn', 'Na')",8,8,0
"('Tc', 'Sn', 'Li')",8,8,0
"('Tc', 'Cr', 'Na')",3,3,0
"('Tc', 'Cr', 'Li')",3,3,0
"('Tc', 'Ni', 'Na')",4,4,0
"('Tc', 'Ni', 'Li')",5,5,0
"('Tc', 'K', 'Cs')",4,4,0
"('Tc', 'K', 'Tl')",5,5,0
"('Tc', 'K', 'Mo')",3,3,0
"('Tc', 'K', 'Cd')",5,5,0
"('Tc', 'K', 'Te')",6,6,0
"('Tc', 'K', 'W')",3,3,0
"('Tc', 'K', 'Al')",7,7,0
"('Tc', 'K', 'Ir')",6,6,0
"('Tc', 'K', 'Ta')",4,4,0
"('Tc', 'K', 'Ba')",3,3,0
"('Tc', 'K', 'Cu')",3,3,0
"('Tc', 'K', 'Rb')",3,3,0
"('Tc', 'K', 'Sn')",5,5,0
"('Tc', 'Ti', 'Li')",5,5,0
"('Tc', 'Hf', 'Na')",4,4,0
"('Tc', 'Hf', 'Li')",4,4,0
"('Tc', 'Hf', 'K')",4,4,0
"('Tc', 'Zn', 'Na')",6,6,0
"('Tc', 'Zn', 'Li')",7,7,0
"('Tc', 'Zn', 'K')",5,5,0
"('Tc', 'Ti', 'Na')",5,5,0
"('Tc', 'Ti', 'K')",5,5,0
"('Tc', 'K', 'Cr')",3,3,0
"('Tc', 'C', 'Na')",3,3,0
"('Tc', 'C', 'Li')",3,3,0
"('Tc', 'C', 'K')",4,4,0
"('Ga', 'Na', 'Cs')",8,8,0
"('Ga', 'Na', 'Y')",9,9,0
"('Ga', 'Na', 'Tl')",8,8,0
"('Ga', 'Na', 'Cd')",7,7,0
"('Tc', 'Fe', 'K')",3,3,0
"('Tc', 'Fe', 'Li')",3,3,0
"('Tc', 'Fe', 'Na')",3,3,0
"('Tc', 'Os', 'K')",6,6,0
"('Tc', 'K', 'Ni')",4,4,0
"('Tc', 'Re', 'Na')",3,3,0
"('Tc', 'Re', 'Li')",3,3,0
"('Tc', 'Re', 'K')",3,3,0
"('Tc', 'B', 'Na')",8,8,0
"('Tc', 'B', 'Li')",7,7,0
"('Tc', 'B', 'K')",7,7,0
"('Tc', 'In', 'Na')",6,6,0
"('Tc', 'In', 'Li')",8,8,0
"('Tc', 'In', 'K')",5,5,0
"('Tc', 'V', 'Na')",5,5,0
"('Tc', 'V', 'Li')",5,5,0
"('Tc', 'V', 'K')",5,5,0
"('Tc', 'Os', 'Na')",6,6,0
"('Tc', 'Os', 'Li')",6,6,0
"('Tc', 'Rb', 'Li')",3,3,0
"('Tc', 'Cu', 'Li')",4,4,0
"('Mg', 'Na', 'Nb')",3,3,0
"('Tc', 'Na', 'Ta')",4,4,0
"('Tc', 'Na', 'Y')",4,4,0
"('Tc', 'Na', 'Tl')",7,7,0
"('Tc', 'Na', 'Cd')",6,6,0
"('Tc', 'Na', 'Te')",5,5,0
"('Tc', 'Na', 'W')",3,3,0
"('Tc', 'Na', 'Al')",7,7,0
"('Tc', 'Na', 'Ir')",6,6,0
"('Tc', 'Na', 'Ba')",5,5,0
"('C', 'O', 'K')",12,12,0
"('Tc', 'Na', 'Mo')",3,3,0
"('Tc', 'Na', 'Ge')",5,5,0
"('Tc', 'Na', 'Sr')",5,5,0
"('Tc', 'Na', 'Nb')",5,5,0
"('Tc', 'Hg', 'Na')",8,8,0
"('Tc', 'Li', 'Cs')",3,3,0
"('Tc', 'Li', 'Y')",4,4,0
"('Tc', 'Na', 'Cs')",4,4,0
"('C', 'O', 'Li')",9,9,0
"('Tc', 'Cu', 'Na')",3,3,0
"('C', 'Hf', 'Na')",4,4,0
"('C', 'V', 'K')",6,6,0
"('C', 'Os', 'Na')",3,3,0
"('C', 'Os', 'Li')",3,3,0
"('C', 'Os', 'K')",4,4,0
"('C', 'Fe', 'Na')",3,3,0
"('C', 'Fe', 'Li')",3,3,0
"('C', 'Fe', 'K')",4,4,0
"('C', 'Hf', 'Li')",4,4,0
"('C', 'O', 'Na')",9,9,0
"('C', 'Hf', 'K')",5,5,0
"('C', 'Zn', 'Na')",5,5,0
"('C', 'Zn', 'Li')",6,6,0
"('Re', 'K', 'Hg')",6,6,0
"('C', 'Ti', 'Na')",6,6,0
"('C', 'Ti', 'Li')",6,6,0
"('C', 'Ti', 'K')",7,7,0
"('Tc', 'Li', 'Tl')",6,6,0
"('Tc', 'Li', 'Cd')",6,6,0
"('Tc', 'Li', 'Te')",4,4,0
"('Tc', 'Pd', 'Li')",8,8,0
"('Tc', 'Co', 'Na')",5,5,0
"('Tc', 'Co', 'Li')",5,5,0
"('Tc', 'Ru', 'Na')",6,6,0
"('Tc', 'Ru', 'Li')",6,6,0
"('Tc', 'Au', 'Na')",5,5,0
"('Tc', 'Au', 'Li')",7,7,0
"('Tc', 'Pd', 'Na')",6,6,0
"('Tc', 'Sb', 'Na')",5,5,0
"('Tc', 'Li', 'W')",3,3,0
"('Tc', 'Sb', 'Li')",5,5,0
"('Tc', 'Bi', 'Na')",5,5,0
"('Tc', 'Bi', 'Li')",5,5,0
"('Tc', 'Sc', 'Na')",5,5,0
"('Tc', 'Sc', 'Li')",6,6,0
"('Tc', 'Ca', 'Na')",3,3,0
"('Tc', 'Ca', 'Li')",4,4,0
"('Tc', 'Pb', 'Li')",8,8,0
"('Tc', 'Pb', 'Na')",6,6,0
"('Tc', 'Si', 'Li')",10,10,0
"('Tc', 'Si', 'Na')",6,6,0
"('Tc', 'Li', 'Al')",11,11,0
"('Tc', 'Li', 'Ir')",8,8,0
"('Tc', 'Li', 'Ta')",4,4,0
"('Tc', 'Li', 'Ba')",3,3,0
"('Tc', 'Li', 'Mo')",3,3,0
"('Tc', 'Li', 'Ge')",8,8,0
"('Tc', 'Li', 'Sr')",5,5,0
"('Tc', 'Li', 'Nb')",5,5,0
"('Tc', 'Li', 'Na')",4,4,0
"('Tc', 'Li', 'Cl')",6,6,0
"('Tc', 'Li', 'Hg')",5,5,0
"('Tc', 'As', 'Na')",6,6,0
"('Tc', 'As', 'Li')",6,6,0
"('Tc', 'I', 'Na')",4,4,0
"('Tc', 'I', 'Li')",4,4,0
"('Ga', 'Na', 'Te')",10,10,0
"('Ga', 'Na', 'W')",4,4,0
"('Ga', 'Na', 'N')",6,6,0
"('Ga', 'Re', 'K')",5,5,0
"('Ga', 'K', 'Sn')",8,8,0
"('Ga', 'K', 'Cr')",7,7,0
"('Ga', 'K', 'Ni')",10,10,0
"('Ga', 'Se', 'Na')",10,10,0
"('Ga', 'Se', 'Li')",11,11,0
"('Ga', 'Re', 'Na')",4,4,0
"('Ga', 'Re', 'Li')",7,7,0
"('Ga', 'B', 'Na')",6,6,0
"('Ga', 'K', 'Cu')",7,7,0
"('Ga', 'B', 'Li')",8,8,0
"('Ga', 'B', 'K')",6,6,0
"('Ga', 'In', 'Na')",7,7,0
"('Ga', 'In', 'Li')",12,12,0
"('Ga', 'In', 'K')",7,7,0
"('Ga', 'V', 'Na')",7,7,0
"('Ga', 'V', 'Li')",10,10,0
"('Ga', 'K', 'Rb')",7,7,0
"('Ga', 'K', 'Ca')",11,11,0
"('Ga', 'Na', 'Al')",4,4,0
"('Ga', 'K', 'Be')",5,5,0
"('Ga', 'K', 'Sr')",7,7,0
"('Ga', 'K', 'Nb')",8,8,0
"('Ga', 'K', 'Na')",7,7,0
"('Ga', 'K', 'Cl')",9,9,0
"('Ga', 'K', 'Hg')",8,8,0
"('Ga', 'K', 'Li')",9,9,0
"('Ga', 'K', 'P')",10,10,0
"('Ga', 'K', 'Si')",6,6,0
"('Ga', 'K', 'Sc')",9,9,0
"('Ga', 'K', 'Pb')",8,8,0
"('Ga', 'K', 'Co')",7,7,0
"('Ga', 'K', 'Ru')",7,7,0
"('Ga', 'K', 'Au')",12,12,0
"('Ga', 'K', 'Pd')",11,11,0
"('Ga', 'K', 'Sb')",12,12,0
"('Ga', 'K', 'Bi')",8,8,0
"('Ga', 'V', 'K')",8,8,0
"('Ga', 'Os', 'Na')",5,5,0
"('Ga', 'Os', 'Li')",8,8,0
"('Mg', 'Na', 'W')",3,3,0
"('Ga', 'Tc', 'K')",7,7,0
"('Mg', 'Na', 'Cs')",4,4,0
"('Mg', 'Na', 'Y')",6,6,0
"('Mg', 'Na', 'Tl')",10,10,0
"('Mg', 'Na', 'Pt')",8,8,0
"('Mg', 'Na', 'Cd')",9,9,0
"('Mg', 'Na', 'Te')",6,6,0
"('Mg', 'Na', 'N')",5,5,0
"('Ga', 'Os', 'K')",6,6,0
"('Mg', 'Na', 'Al')",5,5,0
"('Mg', 'Na', 'Ir')",7,7,0
"('Mg', 'Na', 'Ta')",3,3,0
"('Mg', 'Na', 'Ba')",8,8,0
"('Mg', 'Na', 'Mo')",3,3,0
"('Mg', 'Na', 'Ge')",5,5,0
"('Mg', 'Na', 'Sr')",8,8,0
"('Ga', 'Tc', 'Li')",10,10,0
"('Ga', 'Tc', 'Na')",6,6,0
"('Ga', 'C', 'K')",6,6,0
"('Ga', 'C', 'Li')",7,7,0
"('Ga', 'Fe', 'Na')",6,6,0
"('Ga', 'Fe', 'Li')",9,9,0
"('Ga', 'Fe', 'K')",7,7,0
"('Ga', 'Hf', 'Na')",10,10,0
"('Ga', 'Hf', 'Li')",13,13,0
"('Ga', 'Hf', 'K')",11,11,0
"('Ga', 'Zn', 'Na')",6,6,0
"('Ga', 'Zn', 'Li')",11,11,0
"('Ga', 'Zn', 'K')",6,6,0
"('Ga', 'Ti', 'Na')",10,10,0
"('Ga', 'Ti', 'Li')",13,13,0
"('Ga', 'Ti', 'K')",11,11,0
"('Ga', 'O', 'Na')",10,10,0
"('Ga', 'O', 'Li')",15,15,0
"('Ga', 'C', 'Na')",4,4,0
"('Ga', 'K', 'Ge')",5,5,0
"('Ga', 'K', 'Mo')",7,7,0
"('Ga', 'K', 'Ba')",7,7,0
"('Ga', 'Li', 'Cl')",12,12,0
"('Ga', 'Li', 'Ta')",9,9,0
"('Ga', 'Li', 'Ba')",9,9,0
"('Ga', 'Li', 'Mo')",9,9,0
"('Ga', 'Li', 'Ge')",12,12,0
"('Ga', 'Li', 'Sr')",11,11,0
"('Ga', 'Li', 'Nb')",10,10,0
"('Ga', 'Li', 'Na')",9,9,0
"('Ga', 'Li', 'Hg')",9,9,0
"('Ga', 'Pb', 'Na')",7,7,0
"('Ga', 'P', 'Na')",9,9,0
"('Ga', 'Be', 'Na')",4,4,0
"('Ga', 'Be', 'Li')",7,7,0
"('Ga', 'As', 'Na')",8,8,0
"('Ga', 'As', 'Li')",10,10,0
"('Ga', 'I', 'Li')",13,13,0
"('Ga', 'Si', 'Na')",6,6,0
"('Ga', 'Li', 'Ir')",14,14,0
"('Ga', 'Li', 'Al')",11,11,0
"('Ga', 'Li', 'N')",11,11,0
"('Ga', 'Li', 'W')",7,7,0
"('Ga', 'Na', 'Ir')",7,7,0
"('Ga', 'Na', 'Ta')",6,6,0
"('Ga', 'Na', 'Ba')",8,8,0
"('Ga', 'Na', 'Mo')",6,6,0
"('Ga', 'Na', 'Ge')",6,6,0
"('Ga', 'Na', 'Sr')",8,8,0
"('Ga', 'Na', 'Nb')",7,7,0
"('Ga', 'Cl', 'Na')",7,7,0
"('Ga', 'Hg', 'Na')",9,9,0
"('Ga', 'Li', 'Cs')",10,10,0
"('Ga', 'Li', 'Y')",13,13,0
"('Ga', 'Li', 'Tl')",10,10,0
"('Ga', 'Li', 'Pt')",21,21,0
"('Ga', 'Li', 'Cd')",11,11,0
"('Ga', 'Li', 'Te')",12,12,0
"('Ga', 'Si', 'Li')",12,12,0
"('Ga', 'Pb', 'Li')",12,12,0
"('Ga', 'K', 'Ta')",7,7,0
"('Ga', 'K', 'Cs')",9,9,0
"('Ga', 'Rb', 'Li')",9,9,0
"('Ga', 'Sn', 'Na')",10,10,0
"('Ga', 'Sn', 'Li')",13,13,0
"('Ga', 'Cr', 'Na')",6,6,0
"('Ga', 'Cr', 'Li')",9,9,0
"('Ga', 'Ni', 'Na')",9,9,0
"('Ga', 'Ni', 'Li')",16,16,0
"('Ga', 'K', 'Y')",10,10,0
"('Ga', 'Co', 'Na')",6,6,0
"('Ga', 'K', 'Tl')",7,7,0
"('Ga', 'K', 'Pt')",11,11,0
"('Ga', 'K', 'Cd')",7,7,0
"('Ga', 'K', 'Te')",13,13,0
"('Ga', 'K', 'W')",5,5,0
"('Ga', 'K', 'Al')",5,5,0
"('Ga', 'K', 'Ir')",8,8,0
"('Ga', 'Rb', 'Na')",7,7,0
"('Ga', 'Cu', 'Li')",13,13,0
"('Ga', 'Cu', 'Na')",6,6,0
"('Ga', 'Ca', 'Li')",15,15,0
"('Ga', 'Co', 'Li')",9,9,0
"('Ga', 'Ru', 'Na')",6,6,0
"('Ga', 'Ru', 'Li')",10,10,0
"('Ga', 'Au', 'Na')",9,9,0
"('Ga', 'Au', 'Li')",16,16,0
"('Ga', 'Pd', 'Li')",20,20,0
"('Ga', 'Sb', 'Na')",8,8,0
"('Ga', 'Sb', 'Li')",10,10,0
"('Ga', 'Bi', 'Na')",6,6,0
"('Ga', 'Bi', 'Li')",9,9,0
"('Ga', 'Sc', 'Na')",8,8,0
"('Ga', 'Sc', 'Li')",11,11,0
"('Ga', 'S', 'Na')",11,11,0
"('Ga', 'S', 'Li')",11,11,0
"('Ga', 'Ca', 'Na')",10,10,0
"('Mn', 'K', 'Si')",7,7,0
"('Mn', 'K', 'Co')",4,4,0
"('C', 'In', 'K')",6,6,0
"('H', 'K', 'Li')",5,5,0
"('H', 'K', 'Ba')",5,5,0
"('H', 'K', 'Mo')",4,4,0
"('H', 'K', 'Sr')",5,5,0
"('H', 'K', 'Nb')",5,5,0
"('H', 'K', 'Na')",6,6,0
"('H', 'K', 'Cl')",6,6,0
"('H', 'K', 'Hg')",7,7,0
"('H', 'K', 'Be')",5,5,0
"('H', 'K', 'N')",7,7,0
"('H', 'K', 'I')",6,6,0
"('H', 'K', 'Ru')",4,4,0
"('H', 'K', 'Sc')",5,5,0
"('H', 'K', 'S')",10,10,0
"('H', 'K', 'Cu')",4,4,0
"('H', 'K', 'Rb')",5,5,0
"('H', 'K', 'Cr')",4,4,0
"('H', 'K', 'Ta')",6,6,0
"('H', 'K', 'W')",4,4,0
"('H', 'Sb', 'Na')",6,6,0
"('H', 'Sn', 'Na')",9,9,0
"('H', 'Sc', 'Li')",5,5,0
"('H', 'S', 'Na')",10,10,0
"('H', 'S', 'Li')",7,7,0
"('H', 'Cu', 'Na')",4,4,0
"('H', 'Cu', 'Li')",5,5,0
"('H', 'Rb', 'Na')",6,6,0
"('H', 'Rb', 'Li')",5,5,0
"('H', 'Cr', 'Na')",4,4,0
"('H', 'K', 'Te')",7,7,0
"('H', 'Cr', 'Li')",4,4,0
"('H', 'Ni', 'Na')",5,5,0
"('H', 'Ni', 'Li')",6,6,0
"('H', 'K', 'Cs')",6,6,0
"('H', 'K', 'Y')",6,6,0
"('H', 'K', 'Tl')",6,6,0
"('H', 'K', 'Cd')",6,6,0
"('H', 'K', 'Ni')",5,5,0
"('H', 'Se', 'Na')",7,7,0
"('H', 'Re', 'Na')",4,4,0
"('H', 'Tc', 'K')",4,4,0
"('H', 'Ti', 'Li')",5,5,0
"('H', 'Ti', 'K')",5,5,0
"('H', 'O', 'Na')",9,9,0
"('H', 'C', 'Na')",5,5,0
"('H', 'C', 'Li')",5,5,0
"('H', 'Tc', 'Na')",4,4,0
"('H', 'Tc', 'Li')",4,4,0
"('H', 'Ga', 'Na')",6,6,0
"('H', 'Re', 'Li')",4,4,0
"('H', 'Mg', 'Na')",6,6,0
"('H', 'Mg', 'Li')",9,9,0
"('H', 'Mg', 'K')",7,7,0
"('H', 'Br', 'Na')",6,6,0
"('H', 'Br', 'Li')",6,6,0
"('H', 'Br', 'K')",6,6,0
"('H', 'Mn', 'Li')",5,5,0
"('H', 'Ti', 'Na')",5,5,0
"('H', 'Zn', 'K')",6,6,0
"('H', 'Zn', 'Li')",7,7,0
"('H', 'Zn', 'Na')",6,6,0
"('H', 'Re', 'K')",5,5,0
"('H', 'B', 'Na')",10,10,0
"('H', 'B', 'Li')",9,9,0
"('H', 'B', 'K')",10,10,0
"('H', 'In', 'Na')",7,7,0
"('H', 'V', 'Na')",6,6,0
"('H', 'V', 'Li')",6,6,0
"('H', 'V', 'K')",6,6,0
"('H', 'Os', 'Na')",4,4,0
"('H', 'Os', 'K')",4,4,0
"('H', 'Fe', 'Na')",4,4,0
"('H', 'Fe', 'Li')",4,4,0
"('H', 'Fe', 'K')",4,4,0
"('H', 'Hf', 'Li')",5,5,0
"('H', 'Hf', 'K')",5,5,0
"('H', 'Bi', 'Na')",6,6,0
"('H', 'Pd', 'Na')",10,10,0
"('H', 'Ag', 'Na')",6,6,0
"('Ag', 'Br', 'Na')",8,8,0
"('Ag', 'Tc', 'K')",4,4,0
"('Ag', 'Ga', 'Na')",7,7,0
"('Ag', 'Ga', 'Li')",13,13,0
"('Ag', 'Ga', 'K')",7,7,0
"('Ag', 'Mg', 'Na')",8,8,0
"('Ag', 'Mg', 'Li')",15,15,0
"('Ag', 'Mg', 'K')",7,7,0
"('Ag', 'Br', 'Li')",9,9,0
"('Ag', 'Tc', 'Na')",5,5,0
"('Ag', 'Br', 'K')",7,7,0
"('Ag', 'Mn', 'Na')",5,5,0
"('Ag', 'Mn', 'Li')",6,6,0
"('Ag', 'Mn', 'K')",4,4,0
"('Ag', 'Rh', 'Na')",5,5,0
"('Ag', 'Rh', 'Li')",7,7,0
"('Ag', 'Rh', 'K')",4,4,0
"('Ag', 'Tc', 'Li')",6,6,0
"('Ag', 'C', 'K')",5,5,0
"('H', 'Au', 'Li')",8,8,0
"('Ag', 'Zn', 'Li')",15,15,0
"('Ag', 'Fe', 'Na')",5,5,0
"('Ag', 'Fe', 'Li')",6,6,0
"('Ag', 'Fe', 'K')",4,4,0
"('Ag', 'Hf', 'Na')",7,7,0
"('Ag', 'Hf', 'Li')",8,8,0
"('Ag', 'Hf', 'K')",6,6,0
"('Ag', 'Zn', 'Na')",12,12,0
"('Ag', 'Zn', 'K')",10,10,0
"('Ag', 'C', 'Li')",6,6,0
"('Ag', 'Ti', 'Na')",7,7,0
"('Ag', 'Ti', 'Li')",8,8,0
"('Ag', 'Ti', 'K')",6,6,0
"('Ag', 'O', 'Na')",14,14,0
"('Ag', 'O', 'Li')",13,13,0
"('Ag', 'O', 'K')",12,12,0
"('Ag', 'C', 'Na')",5,5,0
"('H', 'Na', 'Cs')",6,6,0
"('H', 'Na', 'Y')",6,6,0
"('H', 'Na', 'Tl')",8,8,0
"('H', 'P', 'Na')",7,7,0
"('H', 'Li', 'Ta')",6,6,0
"('H', 'Li', 'Mo')",4,4,0
"('H', 'Li', 'Sr')",7,7,0
"('H', 'Li', 'Nb')",5,5,0
"('H', 'Li', 'Na')",6,6,0
"('H', 'Li', 'Cl')",6,6,0
"('H', 'Li', 'Hg')",6,6,0
"('H', 'Be', 'Na')",6,6,0
"('H', 'Na', 'Pt')",7,7,0
"('H', 'I', 'Na')",6,6,0
"('H', 'I', 'Li')",6,6,0
"('H', 'Pb', 'Na')",7,7,0
"('H', 'Co', 'Na')",4,4,0
"('H', 'Co', 'Li')",4,4,0
"('H', 'Ru', 'Na')",5,5,0
"('H', 'Au', 'Na')",6,6,0
"('H', 'Li', 'Ir')",7,7,0
"('H', 'Li', 'W')",4,4,0
"('H', 'Li', 'Cd')",7,7,0
"('H', 'Li', 'Y')",6,6,0
"('H', 'Na', 'Cd')",7,7,0
"('H', 'Na', 'Te')",6,6,0
"('H', 'Na', 'W')",4,4,0
"('H', 'Na', 'N')",7,7,0
"('H', 'Na', 'Al')",7,7,0
"('H', 'Na', 'Ir')",5,5,0
"('H', 'Na', 'Ta')",6,6,0
"('H', 'Na', 'Ba')",7,7,0
"('H', 'Na', 'Mo')",4,4,0
"('H', 'Na', 'Ge')",5,5,0
"('H', 'Na', 'Sr')",7,7,0
"('H', 'Na', 'Nb')",5,5,0
"('H', 'Cl', 'Na')",6,6,0
"('H', 'Hg', 'Na')",9,9,0
"('H', 'Li', 'Cs')",5,5,0
"('H', 'Rh', 'Na')",5,5,0
"('H', 'Ag', 'Li')",7,7,0
"('Mn', 'K', 'Ru')",4,4,0
"('Zr', 'Re', 'Li')",6,6,0
"('Zr', 'K', 'Ca')",3,3,0
"('Zr', 'K', 'Cu')",6,6,0
"('Zr', 'K', 'Rb')",3,3,0
"('Zr', 'K', 'Sn')",7,7,0
"('Zr', 'K', 'Cr')",4,4,0
"('Zr', 'K', 'Ni')",8,8,0
"('Zr', 'Re', 'Na')",5,5,0
"('Zr', 'Re', 'K')",5,5,0
"('Zr', 'K', 'Bi')",9,9,0
"('Zr', 'B', 'Na')",6,6,0
"('Zr', 'B', 'Li')",5,5,0
"('Zr', 'B', 'K')",5,5,0
"('Zr', 'In', 'Na')",10,10,0
"('Zr', 'In', 'Li')",12,12,0
"('Zr', 'In', 'K')",9,9,0
"('Zr', 'V', 'Na')",3,3,0
"('Zr', 'K', 'Sc')",6,6,0
"('Zr', 'K', 'Sb')",11,11,0
"('Zr', 'K', 'Ba')",3,3,0
"('Zr', 'K', 'P')",10,10,0
"('Zr', 'K', 'Ge')",6,6,0
"('Zr', 'K', 'Sr')",3,3,0
"('Zr', 'K', 'Nb')",3,3,0
"('Zr', 'K', 'Na')",4,4,0
"('Zr', 'K', 'Cl')",8,8,0
"('Zr', 'K', 'Hg')",8,8,0
"('Zr', 'K', 'Li')",3,3,0
"('Zr', 'K', 'Be')",6,6,0
"('Zr', 'K', 'Pd')",6,6,0
"('Zr', 'K', 'As')",9,9,0
"('Zr', 'K', 'I')",7,7,0
"('Zr', 'K', 'Si')",8,8,0
"('Zr', 'K', 'Pb')",8,8,0
"('Zr', 'K', 'Co')",8,8,0
"('Zr', 'K', 'Ru')",4,4,0
"('Zr', 'K', 'Au')",12,12,0
"('Zr', 'V', 'Li')",3,3,0
"('Zr', 'V', 'K')",3,3,0
"('Zr', 'Os', 'Na')",6,6,0
"('Zr', 'Mn', 'Na')",4,4,0
"('Zr', 'Tc', 'K')",6,6,0
"('Zr', 'Ga', 'Na')",10,10,0
"('Zr', 'Ga', 'Li')",13,13,0
"('Zr', 'Ga', 'K')",11,11,0
"('Zr', 'Mg', 'Na')",3,3,0
"('Zr', 'Mg', 'Li')",7,7,0
"('Zr', 'Mg', 'K')",3,3,0
"('Zr', 'Mn', 'Li')",4,4,0
"('Zr', 'Os', 'Li')",7,7,0
"('Zr', 'Mn', 'K')",4,4,0
"('Zr', 'Rh', 'Na')",7,7,0
"('Zr', 'Rh', 'K')",7,7,0
"('Zr', 'Ag', 'Na')",7,7,0
"('Zr', 'Ag', 'Li')",8,8,0
"('Zr', 'Ag', 'K')",6,6,0
"('Zr', 'H', 'Na')",5,5,0
"('Zr', 'Tc', 'Li')",6,6,0
"('Zr', 'Tc', 'Na')",6,6,0
"('Zr', 'C', 'K')",5,5,0
"('Zr', 'C', 'Li')",4,4,0
"('Zr', 'Os', 'K')",6,6,0
"('Zr', 'Fe', 'Na')",5,5,0
"('Zr', 'Fe', 'Li')",5,5,0
"('Zr', 'Fe', 'K')",5,5,0
"('Zr', 'Hf', 'Na')",4,4,0
"('Zr', 'Hf', 'Li')",4,4,0
"('Zr', 'Hf', 'K')",4,4,0
"('Zr', 'Zn', 'Na')",8,8,0
"('Zr', 'Zn', 'Li')",9,9,0
"('Zr', 'Zn', 'K')",7,7,0
"('Zr', 'Ti', 'Na')",4,4,0
"('Zr', 'Ti', 'Li')",4,4,0
"('Zr', 'Ti', 'K')",4,4,0
"('Zr', 'O', 'Na')",9,9,0
"('Zr', 'C', 'Na')",4,4,0
"('Zr', 'K', 'Mo')",4,4,0
"('Zr', 'K', 'Ta')",3,3,0
"('Zr', 'Na', 'Cs')",4,4,0
"('Zr', 'Li', 'Sr')",5,5,0
"('Zr', 'Li', 'W')",4,4,0
"('Zr', 'Li', 'Al')",12,12,0
"('Zr', 'Li', 'Ir')",10,10,0
"('Zr', 'Li', 'Ta')",3,3,0
"('Zr', 'Li', 'Ba')",3,3,0
"('Zr', 'Li', 'Mo')",4,4,0
"('Zr', 'Li', 'Ge')",10,10,0
"('Zr', 'Li', 'Nb')",3,3,0
"('Zr', 'Li', 'Cd')",9,9,0
"('Zr', 'Li', 'Na')",4,4,0
"('Zr', 'Li', 'Cl')",8,8,0
"('Zr', 'Li', 'Hg')",7,7,0
"('Zr', 'Be', 'Na')",6,6,0
"('Zr', 'Be', 'Li')",6,6,0
"('Zr', 'As', 'Na')",9,9,0
"('Zr', 'As', 'Li')",9,9,0
"('Zr', 'Li', 'Te')",10,10,0
"('Zr', 'Li', 'Tl')",7,7,0
"('Zr', 'K', 'Ir')",7,7,0
"('Zr', 'Na', 'Ta')",3,3,0
"('Zr', 'Na', 'Y')",3,3,0
"('Zr', 'Na', 'Tl')",8,8,0
"('Zr', 'Na', 'Cd')",9,9,0
"('Zr', 'Na', 'Te')",11,11,0
"('Zr', 'Na', 'W')",4,4,0
"('Zr', 'Na', 'Al')",8,8,0
"('Zr', 'Na', 'Ir')",7,7,0
"('Zr', 'Na', 'Ba')",5,5,0
"('Zr', 'Li', 'Y')",3,3,0
"('Zr', 'Na', 'Mo')",4,4,0
"('Zr', 'Na', 'Ge')",7,7,0
"('Zr', 'Na', 'Sr')",5,5,0
"('Zr', 'Na', 'Nb')",3,3,0
"('Zr', 'Cl', 'Na')",8,8,0
"('Zr', 'Hg', 'Na')",10,10,0
"('Zr', 'Li', 'Cs')",3,3,0
"('Zr', 'I', 'Na')",7,7,0
"('Zr', 'I', 'Li')",7,7,0
"('Zr', 'Si', 'Na')",9,9,0
"('Zr', 'Ni', 'Na')",8,8,0
"('Zr', 'Cu', 'Li')",7,7,0
"('Zr', 'Rb', 'Na')",4,4,0
"('Zr', 'Rb', 'Li')",3,3,0
"('Zr', 'Sn', 'Na')",10,10,0
"('Zr', 'Sn', 'Li')",10,10,0
"('Zr', 'Cr', 'Na')",4,4,0
"('Zr', 'Cr', 'Li')",4,4,0
"('Zr', 'Ni', 'Li')",9,9,0
"('Zr', 'Si', 'Li')",12,12,0
"('Zr', 'K', 'Cs')",4,4,0
"('Zr', 'K', 'Y')",3,3,0
"('Zr', 'K', 'Tl')",6,6,0
"('Zr', 'K', 'Cd')",8,8,0
"('Zr', 'K', 'Te')",13,13,0
"('Zr', 'K', 'W')",4,4,0
"('Zr', 'K', 'Al')",8,8,0
"('Zr', 'Cu', 'Na')",6,6,0
"('Zr', 'Ca', 'Li')",4,4,0
"('Zr', 'Ca', 'Na')",3,3,0
"('Zr', 'Sc', 'Li')",6,6,0
"('Zr', 'Pb', 'Na')",8,8,0
"('Zr', 'Pb', 'Li')",10,10,0
"('Zr', 'Co', 'Na')",8,8,0
"('Zr', 'Co', 'Li')",8,8,0
"('Zr', 'Ru', 'Na')",4,4,0
"('Zr', 'Ru', 'Li')",4,4,0
"('Zr', 'Au', 'Na')",11,11,0
"('Zr', 'Au', 'Li')",13,13,0
"('Zr', 'Pd', 'Na')",8,8,0
"('Zr', 'Pd', 'Li')",10,10,0
"('Zr', 'Sb', 'Na')",9,9,0
"('Zr', 'Sb', 'Li')",9,9,0
"('Zr', 'Bi', 'Na')",8,8,0
"('Zr', 'Bi', 'Li')",8,8,0
"('Zr', 'Sc', 'Na')",6,6,0
"('Ag', 'Os', 'K')",4,4,0
"('Ag', 'Os', 'Li')",6,6,0
"('Ag', 'Os', 'Na')",5,5,0
"('Rh', 'Cu', 'Na')",3,3,0
"('Rh', 'Bi', 'Na')",7,7,0
"('Rh', 'Bi', 'Li')",9,9,0
"('Rh', 'Sc', 'Na')",5,5,0
"('Rh', 'Sc', 'Li')",7,7,0
"('Rh', 'S', 'Na')",10,10,0
"('Rh', 'Ca', 'Na')",5,5,0
"('Rh', 'Ca', 'Li')",7,7,0
"('Rh', 'Cu', 'Li')",5,5,0
"('Rh', 'Pd', 'Li')",8,8,0
"('Rh', 'Rb', 'Na')",4,4,0
"('Rh', 'Rb', 'Li')",4,4,0
"('Rh', 'Sn', 'Na')",12,12,0
"('Rh', 'Sn', 'Li')",17,17,0
"('Rh', 'Cr', 'Na')",4,4,0
"('Rh', 'Cr', 'Li')",5,5,0
"('Rh', 'Ni', 'Na')",3,3,0
"('Rh', 'Sb', 'Li')",11,11,0
"('Rh', 'Pd', 'Na')",5,5,0
"('Rh', 'Li', 'N')",6,6,0
"('Rh', 'Be', 'Li')",6,6,0
"('Rh', 'Li', 'Ba')",5,5,0
"('Rh', 'Li', 'Mo')",6,6,0
"('Rh', 'Li', 'Ge')",12,12,0
"('Rh', 'Li', 'Sr')",7,7,0
"('Rh', 'Li', 'Na')",5,5,0
"('Rh', 'Li', 'Hg')",6,6,0
"('Rh', 'Be', 'Na')",5,5,0
"('Rh', 'Si', 'Li')",16,16,0
"('Rh', 'Au', 'Li')",8,8,0
"('Rh', 'Pb', 'Na')",8,8,0
"('Rh', 'Pb', 'Li')",13,13,0
"('Rh', 'Co', 'Na')",3,3,0
"('Rh', 'Co', 'Li')",4,4,0
"('Rh', 'Ru', 'Na')",3,3,0
"('Rh', 'Ru', 'Li')",4,4,0
"('Rh', 'Au', 'Na')",5,5,0
"('Rh', 'Ni', 'Li')",5,5,0
"('Rh', 'K', 'Cs')",4,4,0
"('Rh', 'K', 'Tl')",5,5,0
"('Rh', 'K', 'Rb')",3,3,0
"('Rh', 'K', 'Au')",6,6,0
"('Rh', 'K', 'Pd')",3,3,0
"('Rh', 'K', 'Sb')",11,11,0
"('Rh', 'K', 'Bi')",8,8,0
"('Rh', 'K', 'Sc')",5,5,0
"('Rh', 'K', 'Ca')",4,4,0
"('Rh', 'K', 'Cu')",3,3,0
"('Rh', 'K', 'Sn')",9,9,0
"('Rh', 'K', 'Pt')",3,3,0
"('Rh', 'K', 'Cr')",4,4,0
"('Rh', 'K', 'Ni')",3,3,0
"('Rh', 'Se', 'Na')",8,8,0
"('Rh', 'Se', 'Li')",7,7,0
"('Rh', 'Se', 'K')",9,9,0
"('Rh', 'Re', 'Na')",5,5,0
"('Rh', 'Re', 'Li')",6,6,0
"('Rh', 'K', 'Ru')",3,3,0
"('Rh', 'K', 'Co')",3,3,0
"('Rh', 'K', 'Pb')",8,8,0
"('Rh', 'K', 'Si')",8,8,0
"('Rh', 'K', 'Cd')",6,6,0
"('Rh', 'K', 'Te')",9,9,0
"('Rh', 'K', 'W')",4,4,0
"('Rh', 'K', 'Al')",6,6,0
"('Rh', 'K', 'Ir')",5,5,0
"('Rh', 'K', 'Ta')",5,5,0
"('Rh', 'K', 'Ba')",4,4,0
"('Rh', 'K', 'Mo')",5,5,0
"('Rh', 'K', 'Ge')",5,5,0
"('Rh', 'K', 'Sr')",4,4,0
"('Rh', 'K', 'Na')",4,4,0
"('Rh', 'K', 'Hg')",6,6,0
"('Rh', 'K', 'Li')",4,4,0
"('Rh', 'K', 'Be')",5,5,0
"('Rh', 'K', 'As')",8,8,0
"('Rh', 'Li', 'Ir')",8,8,0
"('Rh', 'Li', 'W')",5,5,0
"('Ag', 'V', 'K')",4,4,0
"('Mn', 'Os', 'Na')",4,4,0
"('Mn', 'B', 'K')",7,7,0
"('Mn', 'In', 'Na')",6,6,0
"('Mn', 'In', 'Li')",8,8,0
"('Mn', 'In', 'K')",5,5,0
"('Mn', 'V', 'Na')",5,5,0
"('Mn', 'V', 'Li')",5,5,0
"('Mn', 'V', 'K')",5,5,0
"('Mn', 'Os', 'Li')",4,4,0
"('Mn', 'B', 'Na')",8,8,0
"('Mn', 'Os', 'K')",4,4,0
"('Mn', 'Fe', 'Na')",3,3,0
"('Mn', 'Fe', 'Li')",3,3,0
"('Mn', 'Fe', 'K')",3,3,0
"('Mn', 'Hf', 'Na')",4,4,0
"('Mn', 'Hf', 'Li')",4,4,0
"('Mn', 'Hf', 'K')",4,4,0
"('Mn', 'B', 'Li')",7,7,0
"('Mn', 'Re', 'K')",3,3,0
"('Rh', 'Li', 'Te')",8,8,0
"('Mn', 'K', 'Cu')",3,3,0
"('Mn', 'K', 'Au')",8,8,0
"('Mn', 'K', 'Pd')",5,5,0
"('Mn', 'K', 'Sb')",8,8,0
"('Mn', 'K', 'Bi')",6,6,0
"('Mn', 'K', 'Sc')",4,4,0
"('Mn', 'K', 'S')",13,13,0
"('Mn', 'K', 'Ca')",3,3,0
"('Mn', 'K', 'Rb')",3,3,0
"('Mn', 'Re', 'Li')",3,3,0
"('Mn', 'K', 'Sn')",6,6,0
"('Mn', 'K', 'Cr')",3,3,0
"('Mn', 'K', 'Ni')",4,4,0
"('Mn', 'Se', 'Na')",10,10,0
"('Mn', 'Se', 'Li')",6,6,0
"('Mn', 'Se', 'K')",11,11,0
"('Mn', 'Re', 'Na')",3,3,0
"('Mn', 'Zn', 'Na')",6,6,0
"('Mn', 'Zn', 'Li')",7,7,0
"('Mn', 'Zn', 'K')",5,5,0
"('Rh', 'Na', 'Ta')",5,5,0
"('Rh', 'Na', 'Cs')",4,4,0
"('Rh', 'Na', 'Tl')",7,7,0
"('Rh', 'Na', 'Pt')",4,4,0
"('Rh', 'Na', 'Cd')",7,7,0
"('Rh', 'Na', 'Te')",8,8,0
"('Rh', 'Na', 'W')",4,4,0
"('Rh', 'Na', 'Ir')",5,5,0
"('Rh', 'Na', 'Ba')",6,6,0
"('Mn', 'Ti', 'Na')",6,6,0
"('Rh', 'Na', 'Mo')",5,5,0
"('Rh', 'Na', 'Sr')",6,6,0
"('Rh', 'Hg', 'Na')",8,8,0
"('Rh', 'Li', 'Cs')",4,4,0
"('Rh', 'Li', 'Tl')",8,8,0
"('Rh', 'Li', 'Pt')",9,9,0
"('Rh', 'Li', 'Cd')",9,9,0
"('Mn', 'Br', 'K')",7,7,0
"('Mn', 'Br', 'Li')",5,5,0
"('Mn', 'Br', 'Na')",5,5,0
"('Mn', 'Mg', 'K')",3,3,0
"('Mn', 'Ti', 'Li')",6,6,0
"('Mn', 'Ti', 'K')",6,6,0
"('Mn', 'O', 'Na')",19,19,0
"('Mn', 'O', 'Li')",16,16,0
"('Mn', 'C', 'Na')",4,4,0
"('Mn', 'C', 'Li')",4,4,0
"('Mn', 'C', 'K')",5,5,0
"('Mn', 'Tc', 'Na')",3,3,0
"('Mn', 'Tc', 'Li')",3,3,0
"('Mn', 'Tc', 'K')",3,3,0
"('Mn', 'Ga', 'Na')",6,6,0
"('Mn', 'Ga', 'Li')",9,9,0
"('Mn', 'Ga', 'K')",7,7,0
"('Mn', 'Mg', 'Na')",3,3,0
"('Mn', 'Mg', 'Li')",7,7,0
"('Rh', 'Re', 'K')",5,5,0
"('Rh', 'B', 'Na')",8,8,0
"('Rh', 'B', 'Li')",9,9,0
"('Ag', 'K', 'Pt')",5,5,0
"('Ag', 'Cr', 'Na')",5,5,0
"('Ag', 'Cr', 'Li')",6,6,0
"('Ag', 'Ni', 'Na')",5,5,0
"('Ag', 'Ni', 'Li')",7,7,0
"('Ag', 'K', 'Cs')",5,5,0
"('Ag', 'K', 'Y')",6,6,0
"('Ag', 'K', 'Tl')",6,6,0
"('Ag', 'K', 'Cd')",9,9,0
"('Ag', 'Sn', 'Na')",11,11,0
"('Ag', 'K', 'Te')",8,8,0
"('Ag', 'K', 'W')",4,4,0
"('Ag', 'K', 'N')",5,5,0
"('Ag', 'K', 'Al')",6,6,0
"('Ag', 'K', 'Ir')",4,4,0
"('Ag', 'K', 'Ta')",4,4,0
"('Ag', 'K', 'Ba')",8,8,0
"('Ag', 'Sn', 'Li')",14,14,0
"('Ag', 'Rb', 'Li')",6,6,0
"('Rh', 'B', 'K')",7,7,0
"('Ag', 'Bi', 'Na')",7,7,0
"('Ag', 'Ru', 'Li')",6,6,0
"('Ag', 'Au', 'Na')",9,9,0
"('Ag', 'Au', 'Li')",13,13,0
"('Ag', 'Pd', 'Na')",8,8,0
"('Ag', 'Pd', 'Li')",12,12,0
"('Ag', 'Sb', 'Na')",8,8,0
"('Ag', 'Sb', 'Li')",9,9,0
"('Ag', 'Bi', 'Li')",9,9,0
"('Ag', 'Rb', 'Na')",6,6,0
"('Ag', 'Sc', 'Na')",8,8,0
"('Ag', 'Sc', 'Li')",9,9,0
"('Ag', 'S', 'Li')",8,8,0
"('Ag', 'Ca', 'Na')",9,9,0
"('Ag', 'Ca', 'Li')",11,11,0
"('Ag', 'Cu', 'Na')",5,5,0
"('Ag', 'Cu', 'Li')",7,7,0
"('Ag', 'K', 'Mo')",4,4,0
"('Ag', 'K', 'Ge')",4,4,0
"('Ag', 'K', 'Sr')",9,9,0
"('Ag', 'Re', 'K')",4,4,0
"('Ag', 'K', 'Sn')",7,7,0
"('Ag', 'K', 'Cr')",4,4,0
"('Ag', 'K', 'Ni')",4,4,0
"('Ag', 'Se', 'Li')",8,8,0
"('Ag', 'Se', 'K')",12,12,0
"('Ag', 'Re', 'Na')",5,5,0
"('Ag', 'Re', 'Li')",6,6,0
"('Ag', 'B', 'Na')",7,7,0
"('Ag', 'K', 'Nb')",4,4,0
"('Ag', 'B', 'Li')",7,7,0
"('Ag', 'B', 'K')",5,5,0
"('Ag', 'In', 'Na')",11,11,0
"('Ag', 'In', 'Li')",15,15,0
"('Ag', 'In', 'K')",8,8,0
"('Ag', 'V', 'Na')",5,5,0
"('Ag', 'V', 'Li')",6,6,0
"('Ag', 'K', 'Rb')",4,4,0
"('Ag', 'K', 'Cu')",4,4,0
"('Ag', 'K', 'Ca')",8,8,0
"('Ag', 'K', 'S')",11,11,0
"('Ag', 'K', 'Na')",7,7,0
"('Ag', 'K', 'Hg')",7,7,0
"('Ag', 'K', 'Li')",7,7,0
"('Ag', 'K', 'P')",9,9,0
"('Ag', 'K', 'Be')",4,4,0
"('Ag', 'K', 'I')",6,6,0
"('Ag', 'K', 'Si')",5,5,0
"('Ag', 'K', 'Pb')",7,7,0
"('Ag', 'K', 'Co')",4,4,0
"('Ag', 'K', 'Ru')",4,4,0
"('Ag', 'K', 'Au')",9,9,0
"('Ag', 'K', 'Pd')",5,5,0
"('Ag', 'K', 'Sb')",8,8,0
"('Ag', 'K', 'Bi')",7,7,0
"('Ag', 'K', 'Sc')",7,7,0
"('Ag', 'Ru', 'Na')",5,5,0
"('Ag', 'Co', 'Li')",6,6,0
"('Ag', 'Co', 'Na')",5,5,0
"('Rh', 'Mn', 'Li')",6,6,0
"('Rh', 'C', 'K')",4,4,0
"('Rh', 'Ga', 'K')",9,9,0
"('Rh', 'Mg', 'Na')",8,8,0
"('Rh', 'Mg', 'Li')",14,14,0
"('Rh', 'Mg', 'K')",8,8,0
"('Rh', 'Br', 'Li')",6,6,0
"('Rh', 'Mn', 'Na')",5,5,0
"('Rh', 'Mn', 'K')",5,5,0
"('Ag', 'Na', 'Al')",7,7,0
"('Ag', 'Na', 'Cs')",6,6,0
"('Ag', 'Na', 'Y')",7,7,0
"('Ag', 'Na', 'Tl')",9,9,0
"('Ag', 'Na', 'Pt')",7,7,0
"('Ag', 'Na', 'Cd')",11,11,0
"('Ag', 'Na', 'Te')",8,8,0
"('Ag', 'Na', 'W')",5,5,0
"('Rh', 'Ti', 'K')",7,7,0
"('Rh', 'Ti', 'Li')",9,9,0
"('Rh', 'Ti', 'Na')",7,7,0
"('Rh', 'Zn', 'K')",9,9,0
"('Rh', 'In', 'Li')",14,14,0
"('Rh', 'In', 'K')",7,7,0
"('Rh', 'V', 'Na')",6,6,0
"('Rh', 'V', 'Li')",8,8,0
"('Rh', 'V', 'K')",6,6,0
"('Rh', 'Os', 'Na')",3,3,0
"('Rh', 'Os', 'Li')",4,4,0
"('Rh', 'Os', 'K')",3,3,0
"('Rh', 'Fe', 'Na')",6,6,0
"('Rh', 'Fe', 'Li')",8,8,0
"('Rh', 'Fe', 'K')",6,6,0
"('Rh', 'Hf', 'Na')",6,6,0
"('Rh', 'Hf', 'K')",6,6,0
"('Rh', 'Zn', 'Na')",10,10,0
"('Rh', 'Zn', 'Li')",14,14,0
"('Ag', 'Na', 'N')",6,6,0
"('Ag', 'Na', 'Ir')",5,5,0
"('Ag', 'Pb', 'Li')",12,12,0
"('Ag', 'P', 'Li')",11,11,0
"('Ag', 'Li', 'Mo')",6,6,0
"('Ag', 'Li', 'Ge')",12,12,0
"('Ag', 'Li', 'Sr')",13,13,0
"('Ag', 'Li', 'Nb')",6,6,0
"('Ag', 'Li', 'Na')",9,9,0
"('Ag', 'Li', 'Cl')",9,9,0
"('Ag', 'Li', 'Hg')",9,9,0
"('Ag', 'Be', 'Na')",5,5,0
"('Ag', 'Na', 'Ta')",5,5,0
"('Ag', 'Be', 'Li')",6,6,0
"('Ag', 'As', 'Li')",8,8,0
"('Ag', 'I', 'Na')",7,7,0
"('Ag', 'I', 'Li')",8,8,0
"('Ag', 'Si', 'Na')",7,7,0
"('Ag', 'Si', 'Li')",12,12,0
"('Ag', 'Pb', 'Na')",8,8,0
"('Ag', 'Li', 'Ba')",10,10,0
"('Ag', 'Li', 'Ta')",6,6,0
"('Ag', 'Li', 'Ir')",8,8,0
"('Ag', 'Li', 'Al')",14,14,0
"('Ag', 'Na', 'Ba')",11,11,0
"('Ag', 'Na', 'Mo')",5,5,0
"('Ag', 'Na', 'Ge')",6,6,0
"('Ag', 'Na', 'Sr')",12,12,0
"('Ag', 'Na', 'Nb')",5,5,0
"('Ag', 'Cl', 'Na')",8,8,0
"('Ag', 'Hg', 'Na')",10,10,0
"('Ag', 'Li', 'Cs')",6,6,0
"('Ag', 'Li', 'Y')",8,8,0
"('Ag', 'Li', 'Tl')",10,10,0
"('Ag', 'Li', 'Pt')",12,12,0
"('Ag', 'Li', 'Cd')",14,14,0
"('Ag', 'Li', 'Te')",8,8,0
"('Ag', 'Li', 'W')",6,6,0
"('Ag', 'Li', 'N')",8,8,0
"('C', 'V', 'Na')",5,5,0
"('C', 'Zn', 'K')",5,5,0
"('C', 'In', 'Li')",8,8,0
"('Os', 'Pd', 'Li')",7,7,0
"('Os', 'Co', 'Na')",3,3,0
"('Os', 'Co', 'Li')",3,3,0
"('Os', 'Ru', 'Na')",6,6,0
"('Os', 'Ru', 'Li')",6,6,0
"('Os', 'Au', 'Na')",5,5,0
"('Os', 'Au', 'Li')",7,7,0
"('Os', 'Pd', 'Na')",5,5,0
"('Os', 'Sb', 'Na')",6,6,0
"('Os', 'Pb', 'Na')",6,6,0
"('Os', 'Sb', 'Li')",6,6,0
"('Os', 'Bi', 'Na')",5,5,0
"('Os', 'Bi', 'Li')",5,5,0
"('Os', 'S', 'Na')",8,8,0
"('Os', 'S', 'Li')",5,5,0
"('Os', 'Ca', 'Na')",3,3,0
"('Os', 'Ca', 'Li')",4,4,0
"('Os', 'Pb', 'Li')",8,8,0
"('Os', 'Si', 'Li')",10,10,0
"('Os', 'K', 'Ca')",3,3,0
"('Os', 'Li', 'Sr')",5,5,0
"('Os', 'Li', 'W')",4,4,0
"('Os', 'Li', 'Al')",9,9,0
"('Os', 'Li', 'Ir')",6,6,0
"('Os', 'Li', 'Ta')",6,6,0
"('Os', 'Li', 'Ba')",3,3,0
"('Os', 'Li', 'Mo')",4,4,0
"('Os', 'Li', 'Ge')",8,8,0
"('Os', 'Li', 'Nb')",4,4,0
"('Os', 'Si', 'Na')",7,7,0
"('Os', 'Li', 'Na')",4,4,0
"('Os', 'Li', 'Cl')",5,5,0
"('Os', 'Li', 'Hg')",5,5,0
"('Os', 'As', 'Na')",6,6,0
"('Os', 'As', 'Li')",6,6,0
"('Os', 'I', 'Na')",4,4,0
"('Os', 'I', 'Li')",4,4,0
"('Os', 'Cu', 'Na')",3,3,0
"('Os', 'Cu', 'Li')",4,4,0
"('Os', 'Rb', 'Na')",4,4,0
"('Os', 'K', 'I')",4,4,0
"('Os', 'K', 'Sr')",3,3,0
"('Os', 'K', 'Nb')",4,4,0
"('Os', 'K', 'Na')",4,4,0
"('Os', 'K', 'Cl')",6,6,0
"('Os', 'K', 'Hg')",6,6,0
"('Os', 'K', 'Li')",3,3,0
"('Os', 'K', 'As')",6,6,0
"('Os', 'K', 'Si')",6,6,0
"('Os', 'Rb', 'Li')",3,3,0
"('Os', 'K', 'Pb')",6,6,0
"('Os', 'K', 'Co')",3,3,0
"('Os', 'K', 'Ru')",6,6,0
"('Os', 'K', 'Au')",6,6,0
"('Os', 'K', 'Pd')",3,3,0
"('Os', 'K', 'Sb')",8,8,0
"('Os', 'K', 'Bi')",6,6,0
"('Os', 'K', 'Ge')",4,4,0
"('Os', 'K', 'Mo')",4,4,0
"('Os', 'K', 'Ba')",3,3,0
"('Os', 'K', 'Ta')",6,6,0
"('Os', 'Sn', 'Na')",9,9,0
"('Os', 'Sn', 'Li')",9,9,0
"('Os', 'Cr', 'Na')",4,4,0
"('Os', 'Cr', 'Li')",4,4,0
"('Os', 'Ni', 'Na')",3,3,0
"('Os', 'Ni', 'Li')",4,4,0
"('Os', 'K', 'Cs')",4,4,0
"('Os', 'K', 'Y')",4,4,0
"('Os', 'K', 'Tl')",5,5,0
"('Os', 'K', 'Pt')",3,3,0
"('Os', 'K', 'Cd')",5,5,0
"('Os', 'K', 'Te')",7,7,0
"('Os', 'K', 'W')",4,4,0
"('Os', 'K', 'Al')",5,5,0
"('Os', 'K', 'Ir')",4,4,0
"('Os', 'Li', 'Te')",5,5,0
"('Os', 'Li', 'Cd')",6,6,0
"('Os', 'Li', 'Pt')",8,8,0
"('V', 'K', 'I')",6,6,0
"('V', 'K', 'Nb')",3,3,0
"('V', 'K', 'Na')",4,4,0
"('V', 'K', 'Hg')",6,6,0
"('V', 'K', 'Li')",3,3,0
"('V', 'K', 'P')",11,11,0
"('V', 'K', 'Be')",5,5,0
"('V', 'K', 'As')",8,8,0
"('V', 'K', 'Si')",7,7,0
"('V', 'K', 'S')",13,13,0
"('V', 'K', 'Pb')",6,6,0
"('V', 'K', 'Co')",5,5,0
"('V', 'K', 'Ru')",5,5,0
"('V', 'K', 'Au')",7,7,0
"('V', 'K', 'Pd')",6,6,0
"('V', 'K', 'Sb')",8,8,0
"('V', 'K', 'Bi')",6,6,0
"('V', 'K', 'Sr')",3,3,0
"('V', 'K', 'Ge')",6,6,0
"('V', 'K', 'Mo')",5,5,0
"('V', 'K', 'Ba')",3,3,0
"('V', 'Sn', 'Li')",10,10,0
"('V', 'Cr', 'Na')",5,5,0
"('V', 'Cr', 'Li')",5,5,0
"('V', 'Ni', 'Na')",6,6,0
"('V', 'Ni', 'Li')",7,7,0
"('V', 'K', 'Cs')",4,4,0
"('V', 'K', 'Y')",3,3,0
"('V', 'K', 'Tl')",5,5,0
"('V', 'K', 'Pt')",8,8,0
"('V', 'K', 'Cd')",5,5,0
"('V', 'K', 'Te')",8,8,0
"('V', 'K', 'W')",5,5,0
"('V', 'K', 'Al')",5,5,0
"('V', 'K', 'Ir')",6,6,0
"('V', 'K', 'Ta')",4,4,0
"('V', 'K', 'Sc')",3,3,0
"('V', 'K', 'Ca')",3,3,0
"('Os', 'Li', 'Tl')",6,6,0
"('Os', 'Na', 'Ba')",5,5,0
"('Os', 'Na', 'Pt')",4,4,0
"('Os', 'Na', 'Cd')",6,6,0
"('Os', 'Na', 'Te')",6,6,0
"('Os', 'Na', 'W')",4,4,0
"('Os', 'Na', 'Al')",5,5,0
"('Os', 'Na', 'Ir')",4,4,0
"('Os', 'Na', 'Ta')",6,6,0
"('Os', 'Na', 'Mo')",4,4,0
"('V', 'K', 'Cu')",3,3,0
"('Os', 'Na', 'Ge')",5,5,0
"('Os', 'Na', 'Sr')",5,5,0
"('Os', 'Na', 'Nb')",4,4,0
"('Os', 'Cl', 'Na')",5,5,0
"('Os', 'Hg', 'Na')",8,8,0
"('Os', 'Li', 'Cs')",3,3,0
"('Os', 'Li', 'Y')",5,5,0
"('Os', 'Na', 'Tl')",7,7,0
"('Os', 'Na', 'Y')",4,4,0
"('Os', 'Na', 'Cs')",4,4,0
"('V', 'In', 'K')",5,5,0
"('V', 'K', 'Rb')",3,3,0
"('V', 'K', 'Sn')",7,7,0
"('V', 'K', 'Cr')",5,5,0
"('V', 'K', 'Ni')",6,6,0
"('V', 'Se', 'Na')",10,10,0
"('V', 'Se', 'Li')",7,7,0
"('V', 'Se', 'K')",11,11,0
"('V', 'Re', 'Na')",5,5,0
"('V', 'Re', 'Li')",5,5,0
"('V', 'Re', 'K')",5,5,0
"('V', 'B', 'Na')",10,10,0
"('V', 'B', 'Li')",9,9,0
"('V', 'B', 'K')",9,9,0
"('V', 'In', 'Na')",6,6,0
"('V', 'In', 'Li')",8,8,0
"('Os', 'K', 'S')",8,8,0
"('Os', 'K', 'Cu')",3,3,0
"('V', 'Rb', 'Li')",3,3,0
"('Fe', 'K', 'Cl')",7,7,0
"('Fe', 'K', 'Ta')",5,5,0
"('Fe', 'K', 'Ba')",3,3,0
"('Fe', 'K', 'Mo')",4,4,0
"('Fe', 'K', 'Ge')",5,5,0
"('Fe', 'K', 'Sr')",3,3,0
"('Fe', 'K', 'Nb')",4,4,0
"('Fe', 'K', 'Na')",4,4,0
"('Fe', 'K', 'Hg')",6,6,0
"('Fe', 'K', 'Al')",7,7,0
"('Fe', 'K', 'Li')",3,3,0
"('Fe', 'K', 'P')",11,11,0
"('Fe', 'K', 'Be')",4,4,0
"('Fe', 'K', 'As')",7,7,0
"('Fe', 'K', 'I')",5,5,0
"('Fe', 'K', 'Si')",7,7,0
"('Fe', 'K', 'Pb')",6,6,0
"('Fe', 'K', 'Ir')",5,5,0
"('Fe', 'K', 'W')",5,5,0
"('Os', 'K', 'Rb')",3,3,0
"('Fe', 'Cr', 'Na')",3,3,0
"('Fe', 'Ca', 'Li')",4,4,0
"('Fe', 'Cu', 'Na')",3,3,0
"('Fe', 'Cu', 'Li')",4,4,0
"('Fe', 'Rb', 'Na')",4,4,0
"('Fe', 'Rb', 'Li')",3,3,0
"('Fe', 'Sn', 'Na')",10,10,0
"('Fe', 'Sn', 'Li')",10,10,0
"('Fe', 'Cr', 'Li')",3,3,0
"('Fe', 'K', 'Te')",7,7,0
"('Fe', 'Ni', 'Na')",5,5,0
"('Fe', 'Ni', 'Li')",6,6,0
"('Fe', 'K', 'Cs')",4,4,0
"('Fe', 'K', 'Y')",6,6,0
"('Fe', 'K', 'Tl')",5,5,0
"('Fe', 'K', 'Pt')",5,5,0
"('Fe', 'K', 'Cd')",5,5,0
"('Fe', 'K', 'Co')",8,8,0
"('Fe', 'K', 'Ru')",3,3,0
"('Fe', 'K', 'Au')",6,6,0
"('Fe', 'Os', 'Li')",3,3,0
"('C', 'In', 'Na')",6,6,0
"('Fe', 'In', 'Li')",8,8,0
"('Fe', 'In', 'K')",5,5,0
"('Fe', 'V', 'Na')",5,5,0
"('Fe', 'V', 'Li')",5,5,0
"('Fe', 'V', 'K')",5,5,0
"('Fe', 'Os', 'Na')",3,3,0
"('Fe', 'Os', 'K')",3,3,0
"('Fe', 'K', 'Pd')",4,4,0
"('Hf', 'Na', 'Cs')",4,4,0
"('Hf', 'Na', 'Y')",3,3,0
"('Hf', 'Na', 'Tl')",7,7,0
"('Hf', 'Na', 'Cd')",8,8,0
"('Hf', 'Na', 'Te')",9,9,0
"('Hf', 'Na', 'W')",4,4,0
"('Hf', 'Na', 'Al')",7,7,0
"('Fe', 'B', 'K')",6,6,0
"('Fe', 'B', 'Li')",6,6,0
"('Fe', 'B', 'Na')",7,7,0
"('Fe', 'Re', 'K')",6,6,0
"('Fe', 'K', 'Sb')",8,8,0
"('Fe', 'K', 'Bi')",6,6,0
"('Fe', 'K', 'Sc')",4,4,0
"('Fe', 'K', 'S')",11,11,0
"('Fe', 'K', 'Ca')",3,3,0
"('Fe', 'K', 'Cu')",3,3,0
"('Fe', 'K', 'Rb')",3,3,0
"('Fe', 'K', 'Sn')",7,7,0
"('Fe', 'K', 'Cr')",3,3,0
"('Fe', 'K', 'Ni')",5,5,0
"('Fe', 'Se', 'Na')",8,8,0
"('Fe', 'Se', 'Li')",6,6,0
"('Fe', 'Se', 'K')",11,11,0
"('Fe', 'Re', 'Na')",6,6,0
"('Fe', 'Re', 'Li')",6,6,0
"('Fe', 'Ca', 'Na')",3,3,0
"('Fe', 'S', 'Li')",6,6,0
"('Fe', 'S', 'Na')",9,9,0
"('Fe', 'Na', 'Ge')",6,6,0
"('Fe', 'Na', 'Te')",6,6,0
"('Fe', 'Na', 'W')",5,5,0
"('Fe', 'Na', 'Al')",7,7,0
"('Fe', 'Na', 'Ir')",5,5,0
"('Fe', 'Na', 'Ta')",5,5,0
"('Fe', 'Na', 'Ba')",5,5,0
"('Fe', 'Na', 'Mo')",4,4,0
"('Fe', 'Na', 'Sr')",5,5,0
"('Fe', 'Li', 'Te')",5,5,0
"('Fe', 'Na', 'Nb')",4,4,0
"('Fe', 'Cl', 'Na')",7,7,0
"('Fe', 'Hg', 'Na')",8,8,0
"('Fe', 'Li', 'Cs')",3,3,0
"('Fe', 'Li', 'Y')",6,6,0
"('Fe', 'Li', 'Tl')",6,6,0
"('Fe', 'Li', 'Pt')",10,10,0
"('Fe', 'Na', 'Cd')",6,6,0
"('Fe', 'Na', 'Pt')",6,6,0
"('Fe', 'Na', 'Tl')",7,7,0
"('Fe', 'Na', 'Y')",6,6,0
"('Os', 'K', 'Sn')",6,6,0
"('Os', 'K', 'Cr')",4,4,0
"('Os', 'K', 'Ni')",3,3,0
"('Os', 'Se', 'Li')",5,5,0
"('Os', 'Se', 'K')",8,8,0
"('Os', 'Re', 'Na')",6,6,0
"('Os', 'Re', 'Li')",6,6,0
"('Os', 'Re', 'K')",6,6,0
"('Os', 'B', 'Na')",7,7,0
"('Os', 'B', 'Li')",6,6,0
"('Os', 'B', 'K')",6,6,0
"('Os', 'In', 'Na')",6,6,0
"('Os', 'In', 'Li')",8,8,0
"('Os', 'In', 'K')",5,5,0
"('Fe', 'Na', 'Cs')",4,4,0
"('Fe', 'Li', 'Cd')",6,6,0
"('Fe', 'Li', 'W')",5,5,0
"('Fe', 'Sc', 'Li')",4,4,0
"('Fe', 'Au', 'Na')",5,5,0
"('Fe', 'Si', 'Li')",11,11,0
"('Fe', 'Pb', 'Na')",6,6,0
"('Fe', 'Pb', 'Li')",8,8,0
"('Fe', 'Co', 'Na')",8,8,0
"('Fe', 'Co', 'Li')",8,8,0
"('Fe', 'Ru', 'Na')",3,3,0
"('Fe', 'Ru', 'Li')",3,3,0
"('Fe', 'Au', 'Li')",7,7,0
"('Fe', 'Li', 'N')",8,8,0
"('Fe', 'Pd', 'Na')",6,6,0
"('Fe', 'Pd', 'Li')",8,8,0
"('Fe', 'Sb', 'Na')",7,7,0
"('Fe', 'Sb', 'Li')",6,6,0
"('Fe', 'Bi', 'Na')",5,5,0
"('Fe', 'Bi', 'Li')",5,5,0
"('Fe', 'Sc', 'Na')",4,4,0
"('Fe', 'Si', 'Na')",8,8,0
"('Fe', 'I', 'Li')",5,5,0
"('Fe', 'I', 'Na')",5,5,0
"('Fe', 'As', 'Li')",8,8,0
"('Fe', 'Li', 'Al')",11,11,0
"('Fe', 'Li', 'Ir')",7,7,0
"('Fe', 'Li', 'Ta')",5,5,0
"('Fe', 'Li', 'Ba')",3,3,0
"('Fe', 'Li', 'Mo')",4,4,0
"('Fe', 'Li', 'Ge')",10,10,0
"('Fe', 'Li', 'Sr')",5,5,0
"('Fe', 'Li', 'Nb')",4,4,0
"('Fe', 'Li', 'Na')",4,4,0
"('Fe', 'Li', 'Hg')",5,5,0
"('Fe', 'P', 'Na')",11,11,0
"('Fe', 'P', 'Li')",13,13,0
"('Fe', 'Be', 'Na')",4,4,0
"('Fe', 'Be', 'Li')",4,4,0
"('Fe', 'As', 'Na')",8,8,0
"('V', 'Sn', 'Na')",10,10,0
"('V', 'Rb', 'Na')",4,4,0
"('Hf', 'Na', 'Ta')",3,3,0
"('B', 'K', 'Na')",7,7,0
"('B', 'K', 'Al')",5,5,0
"('B', 'K', 'Ir')",5,5,0
"('B', 'K', 'Ba')",5,5,0
"('B', 'K', 'Mo')",6,6,0
"('B', 'K', 'Ge')",4,4,0
"('B', 'K', 'Sr')",5,5,0
"('B', 'K', 'Nb')",8,8,0
"('B', 'K', 'Hg')",7,7,0
"('B', 'K', 'Te')",7,7,0
"('B', 'K', 'Li')",5,5,0
"('B', 'K', 'P')",10,10,0
"('B', 'K', 'Be')",5,5,0
"('B', 'K', 'As')",7,7,0
"('B', 'K', 'I')",6,6,0
"('B', 'K', 'Si')",6,6,0
"('B', 'K', 'Pb')",7,7,0
"('B', 'K', 'W')",7,7,0
"('B', 'K', 'Cd')",6,6,0
"('In', 'Li', 'Ir')",14,14,0
"('B', 'Sn', 'Na')",10,10,0
"('B', 'Sc', 'Li')",6,6,0
"('B', 'S', 'Na')",13,13,0
"('B', 'S', 'Li')",8,8,0
"('B', 'Ca', 'Na')",7,7,0
"('B', 'Ca', 'Li')",7,7,0
"('B', 'Cu', 'Na')",5,5,0
"('B', 'Cu', 'Li')",5,5,0
"('B', 'Sn', 'Li')",9,9,0
"('B', 'K', 'Pt')",5,5,0
"('B', 'Cr', 'Na')",9,9,0
"('B', 'Cr', 'Li')",8,8,0
"('B', 'Ni', 'Na')",8,8,0
"('B', 'Ni', 'Li')",8,8,0
"('B', 'K', 'Cs')",5,5,0
"('B', 'K', 'Y')",7,7,0
"('B', 'K', 'Tl')",6,6,0
"('B', 'K', 'Co')",5,5,0
"('B', 'K', 'Ru')",7,7,0
"('B', 'K', 'Au')",7,7,0
"('In', 'Na', 'Sr')",13,13,0
"('In', 'Na', 'Te')",11,11,0
"('In', 'Na', 'W')",6,6,0
"('In', 'Na', 'Al')",6,6,0
"('In', 'Na', 'Ta')",6,6,0
"('In', 'Na', 'Ba')",13,13,0
"('In', 'Na', 'Mo')",6,6,0
"('In', 'Na', 'Ge')",7,7,0
"('In', 'Na', 'Nb')",6,6,0
"('B', 'K', 'Pd')",6,6,0
"('In', 'Hg', 'Na')",12,12,0
"('In', 'Li', 'Cs')",10,10,0
"('In', 'Li', 'Y')",14,14,0
"('In', 'Li', 'Tl')",11,11,0
"('In', 'Li', 'Cd')",12,12,0
"('In', 'Li', 'Te')",13,13,0
"('In', 'Li', 'W')",8,8,0
"('In', 'Na', 'Cd')",9,9,0
"('In', 'Na', 'Tl')",10,10,0
"('In', 'Na', 'Y')",10,10,0
"('In', 'Na', 'Cs')",9,9,0
"('B', 'K', 'Sb')",8,8,0
"('B', 'K', 'Bi')",7,7,0
"('B', 'K', 'Sc')",6,6,0
"('B', 'K', 'S')",12,12,0
"('B', 'K', 'Ca')",6,6,0
"('B', 'K', 'Cu')",4,4,0
"('B', 'K', 'Sn')",6,6,0
"('B', 'K', 'Cr')",8,8,0
"('B', 'K', 'Ni')",7,7,0
"('B', 'Se', 'Na')",9,9,0
"('B', 'Se', 'Li')",7,7,0
"('B', 'Se', 'K')",9,9,0
"('B', 'Re', 'Na')",7,7,0
"('B', 'Re', 'Li')",6,6,0
"('B', 'Re', 'K')",6,6,0
"('B', 'Sc', 'Na')",7,7,0
"('B', 'Bi', 'Li')",6,6,0
"('B', 'Bi', 'Na')",7,7,0
"('B', 'Na', 'Tl')",9,9,0
"('Re', 'K', 'Cr')",3,3,0
"('Re', 'K', 'Ni')",4,4,0
"('Re', 'Se', 'Na')",7,7,0
"('Re', 'Se', 'Li')",5,5,0
"('Re', 'Se', 'K')",8,8,0
"('B', 'Na', 'Cs')",6,6,0
"('B', 'Na', 'Y')",8,8,0
"('B', 'Na', 'Pt')",9,9,0
"('B', 'Na', 'Nb')",9,9,0
"('B', 'Na', 'Cd')",8,8,0
"('B', 'Na', 'Te')",7,7,0
"('B', 'Na', 'W')",8,8,0
"('B', 'Na', 'Al')",6,6,0
"('B', 'Na', 'Ba')",8,8,0
"('B', 'Na', 'Mo')",7,7,0
"('B', 'Na', 'Ge')",6,6,0
"('Re', 'K', 'Sn')",5,5,0
"('Re', 'K', 'Rb')",3,3,0
"('Re', 'K', 'Cu')",3,3,0
"('Re', 'K', 'Ca')",3,3,0
"('Re', 'K', 'Li')",3,3,0
"('Re', 'K', 'P')",9,9,0
"('Re', 'K', 'Be')",4,4,0
"('Re', 'K', 'As')",6,6,0
"('Re', 'K', 'I')",5,5,0
"('Re', 'K', 'Si')",5,5,0
"('Re', 'K', 'Pb')",6,6,0
"('Re', 'K', 'Co')",5,5,0
"('Re', 'K', 'Ru')",6,6,0
"('Re', 'K', 'Au')",6,6,0
"('Re', 'K', 'Pd')",4,4,0
"('Re', 'K', 'Sb')",7,7,0
"('Re', 'K', 'Bi')",6,6,0
"('Re', 'K', 'Sc')",5,5,0
"('Re', 'K', 'S')",8,8,0
"('B', 'Na', 'Sr')",8,8,0
"('B', 'Hg', 'Na')",10,10,0
"('B', 'Sb', 'Li')",6,6,0
"('B', 'Co', 'Na')",6,6,0
"('B', 'As', 'Li')",7,7,0
"('B', 'I', 'Na')",7,7,0
"('B', 'I', 'Li')",6,6,0
"('B', 'Si', 'Na')",8,8,0
"('B', 'Si', 'Li')",11,11,0
"('B', 'Pb', 'Na')",8,8,0
"('B', 'Pb', 'Li')",9,9,0
"('B', 'Co', 'Li')",5,5,0
"('B', 'Li', 'Cs')",4,4,0
"('B', 'Ru', 'Na')",8,8,0
"('B', 'Ru', 'Li')",7,7,0
"('B', 'Au', 'Na')",7,7,0
"('B', 'Au', 'Li')",8,8,0
"('B', 'Pd', 'Na')",9,9,0
"('B', 'Pd', 'Li')",11,11,0
"('B', 'Sb', 'Na')",7,7,0
"('B', 'As', 'Na')",8,8,0
"('B', 'Be', 'Li')",5,5,0
"('B', 'Be', 'Na')",6,6,0
"('B', 'P', 'Na')",10,10,0
"('B', 'Li', 'Y')",7,7,0
"('B', 'Li', 'Tl')",7,7,0
"('B', 'Li', 'Pt')",12,12,0
"('B', 'Li', 'Cd')",7,7,0
"('B', 'Li', 'Te')",5,5,0
"('B', 'Li', 'W')",7,7,0
"('B', 'Li', 'Al')",10,10,0
"('B', 'Li', 'Ir')",8,8,0
"('B', 'Li', 'Ba')",5,5,0
"('B', 'Li', 'Mo')",6,6,0
"('B', 'Li', 'Ge')",8,8,0
"('B', 'Li', 'Sr')",7,7,0
"('B', 'Li', 'Nb')",8,8,0
"('B', 'Li', 'Na')",7,7,0
"('B', 'Li', 'Hg')",6,6,0
"('In', 'Li', 'Al')",12,12,0
"('In', 'Li', 'Ta')",8,8,0
"('V', 'Cu', 'Li')",4,4,0
"('V', 'Li', 'Cs')",3,3,0
"('V', 'Na', 'Ba')",5,5,0
"('V', 'Na', 'Mo')",5,5,0
"('V', 'Na', 'Ge')",7,7,0
"('V', 'Na', 'Sr')",5,5,0
"('V', 'Na', 'Nb')",3,3,0
"('V', 'Cl', 'Na')",7,7,0
"('V', 'Hg', 'Na')",8,8,0
"('V', 'Li', 'Y')",3,3,0
"('V', 'Na', 'Ir')",6,6,0
"('V', 'Li', 'Tl')",6,6,0
"('V', 'Li', 'Pt')",13,13,0
"('V', 'Li', 'Cd')",6,6,0
"('V', 'Li', 'Te')",6,6,0
"('V', 'Li', 'W')",5,5,0
"('V', 'Li', 'Al')",9,9,0
"('V', 'Li', 'Ir')",9,9,0
"('V', 'Na', 'Ta')",4,4,0
"('V', 'Na', 'Al')",5,5,0
"('In', 'Li', 'Ba')",13,13,0
"('In', 'B', 'Na')",8,8,0
"('In', 'K', 'Cr')",5,5,0
"('In', 'K', 'Ni')",8,8,0
"('In', 'Se', 'Na')",12,12,0
"('In', 'Se', 'Li')",12,12,0
"('In', 'Re', 'Na')",6,6,0
"('In', 'Re', 'Li')",8,8,0
"('In', 'Re', 'K')",5,5,0
"('In', 'B', 'Li')",9,9,0
"('V', 'Na', 'W')",5,5,0
"('In', 'B', 'K')",6,6,0
"('V', 'Na', 'Cs')",4,4,0
"('V', 'Na', 'Y')",3,3,0
"('V', 'Na', 'Tl')",7,7,0
"('V', 'Na', 'Pt')",9,9,0
"('V', 'Na', 'Cd')",6,6,0
"('V', 'Na', 'Te')",7,7,0
"('V', 'Li', 'Ta')",4,4,0
"('V', 'Li', 'Ba')",3,3,0
"('V', 'Li', 'Mo')",5,5,0
"('V', 'Bi', 'Na')",5,5,0
"('V', 'Ru', 'Li')",5,5,0
"('V', 'Au', 'Na')",6,6,0
"('V', 'Au', 'Li')",8,8,0
"('V', 'Pd', 'Na')",8,8,0
"('V', 'Pd', 'Li')",10,10,0
"('V', 'Sb', 'Na')",6,6,0
"('V', 'Sb', 'Li')",6,6,0
"('V', 'Bi', 'Li')",5,5,0
"('V', 'Li', 'Ge')",10,10,0
"('V', 'Sc', 'Na')",3,3,0
"('V', 'Sc', 'Li')",3,3,0
"('V', 'S', 'Na')",13,13,0
"('V', 'S', 'Li')",9,9,0
"('V', 'Ca', 'Na')",3,3,0
"('V', 'Ca', 'Li')",4,4,0
"('V', 'Cu', 'Na')",3,3,0
"('V', 'Ru', 'Na')",5,5,0
"('V', 'Co', 'Li')",5,5,0
"('V', 'Co', 'Na')",5,5,0
"('V', 'Pb', 'Li')",8,8,0
"('V', 'Li', 'Sr')",5,5,0
"('V', 'Li', 'Nb')",3,3,0
"('V', 'Li', 'Na')",4,4,0
"('V', 'Li', 'Cl')",8,8,0
"('V', 'Li', 'Hg')",5,5,0
"('V', 'P', 'Na')",11,11,0
"('V', 'P', 'Li')",12,12,0
"('V', 'Be', 'Na')",5,5,0
"('V', 'Be', 'Li')",5,5,0
"('V', 'As', 'Na')",8,8,0
"('V', 'As', 'Li')",8,8,0
"('V', 'I', 'Na')",6,6,0
"('V', 'Si', 'Na')",8,8,0
"('V', 'Si', 'Li')",11,11,0
"('V', 'Pb', 'Na')",6,6,0
"('In', 'K', 'Sn')",8,8,0
"('In', 'K', 'Rb')",7,7,0
"('In', 'K', 'Cu')",6,6,0
"('In', 'Sb', 'Li')",11,11,0
"('In', 'Co', 'Li')",9,9,0
"('In', 'Ru', 'Na')",7,7,0
"('In', 'Ru', 'Li')",9,9,0
"('In', 'Au', 'Li')",18,18,0
"('In', 'Pd', 'Na')",15,15,0
"('In', 'Pd', 'Li')",21,21,0
"('In', 'Sb', 'Na')",9,9,0
"('In', 'Bi', 'Na')",9,9,0
"('In', 'Rb', 'Na')",9,9,0
"('In', 'Bi', 'Li')",11,11,0
"('In', 'Sc', 'Na')",10,10,0
"('In', 'Sc', 'Li')",12,12,0
"('In', 'S', 'Na')",15,15,0
"('In', 'Ca', 'Na')",12,12,0
"('In', 'Ca', 'Li')",16,16,0
"('In', 'Cu', 'Na')",7,7,0
"('In', 'Co', 'Na')",7,7,0
"('In', 'Pb', 'Li')",13,13,0
"('In', 'Pb', 'Na')",9,9,0
"('In', 'Si', 'Li')",13,13,0
"('In', 'Li', 'Mo')",8,8,0
"('In', 'Li', 'Ge')",13,13,0
"('In', 'Li', 'Sr')",15,15,0
"('In', 'Li', 'Nb')",8,8,0
"('In', 'Li', 'Na')",12,12,0
"('Zr', 'H', 'Li')",5,5,0
"('In', 'Li', 'Hg')",10,10,0
"('In', 'P', 'Na')",11,11,0
"('In', 'P', 'Li')",14,14,0
"('In', 'Be', 'Na')",6,6,0
"('In', 'Be', 'Li')",8,8,0
"('In', 'As', 'Na')",9,9,0
"('In', 'As', 'Li')",11,11,0
"('In', 'I', 'Li')",13,13,0
"('In', 'Si', 'Na')",8,8,0
"('In', 'Cu', 'Li')",10,10,0
"('In', 'Rb', 'Li')",10,10,0
"('In', 'K', 'Ca')",10,10,0
"('In', 'K', 'Pb')",9,9,0
"('In', 'K', 'Nb')",5,5,0
"('In', 'K', 'Na')",9,9,0
"('In', 'K', 'Hg')",8,8,0
"('In', 'K', 'Li')",10,10,0
"('In', 'K', 'P')",11,11,0
"('In', 'K', 'Be')",5,5,0
"('In', 'K', 'Si')",6,6,0
"('In', 'K', 'Co')",7,7,0
"('In', 'Sn', 'Na')",12,12,0
"('In', 'K', 'Ru')",6,6,0
"('In', 'K', 'Au')",15,15,0
"('In', 'K', 'Pd')",11,11,0
"('In', 'K', 'Sb')",10,10,0
"('In', 'K', 'Bi')",9,9,0
"('In', 'K', 'Sc')",9,9,0
"('In', 'K', 'S')",12,12,0
"('In', 'K', 'Sr')",10,10,0
"('In', 'K', 'Ge')",5,5,0
"('In', 'K', 'Mo')",5,5,0
"('In', 'K', 'Ba')",10,10,0
"('In', 'Sn', 'Li')",15,15,0
"('In', 'Cr', 'Na')",6,6,0
"('In', 'Cr', 'Li')",8,8,0
"('In', 'Ni', 'Na')",8,8,0
"('In', 'Ni', 'Li')",11,11,0
"('In', 'K', 'Cs')",8,8,0
"('In', 'K', 'Y')",9,9,0
"('In', 'K', 'Tl')",7,7,0
"('In', 'K', 'Pt')",8,8,0
"('In', 'K', 'Cd')",7,7,0
"('In', 'K', 'Te')",12,12,0
"('In', 'K', 'W')",5,5,0
"('In', 'K', 'Al')",5,5,0
"('In', 'K', 'Ir')",7,7,0
"('In', 'K', 'Ta')",5,5,0
"('Hf', 'Na', 'Ir')",6,6,0
"('Fe', 'In', 'Na')",6,6,0
"('Hf', 'Na', 'Ba')",5,5,0
"('Ti', 'Fe', 'Li')",5,5,0
"('Ti', 'V', 'Na')",3,3,0
"('Ti', 'V', 'Li')",3,3,0
"('Ti', 'V', 'K')",3,3,0
"('Ti', 'Os', 'Na')",6,6,0
"('Ti', 'Os', 'Li')",6,6,0
"('Ti', 'Os', 'K')",6,6,0
"('Ti', 'Fe', 'Na')",5,5,0
"('Ti', 'Fe', 'K')",5,5,0
"('O', 'Na', 'W')",12,12,0
"('Ti', 'Hf', 'Na')",4,4,0
"('Ti', 'Hf', 'Li')",4,4,0
"('Ti', 'Hf', 'K')",4,4,0
"('Ti', 'Zn', 'Na')",10,10,0
"('Ti', 'Zn', 'Li')",11,11,0
"('Ti', 'Zn', 'K')",9,9,0
"('O', 'Na', 'Cs')",12,12,0
"('Ti', 'In', 'K')",9,9,0
"('Ti', 'In', 'Li')",12,12,0
"('Ti', 'In', 'Na')",10,10,0
"('Ti', 'B', 'K')",7,7,0
"('Ti', 'K', 'Sc')",4,4,0
"('Ti', 'K', 'S')",12,12,0
"('Ti', 'K', 'Ca')",3,3,0
"('Ti', 'K', 'Cu')",6,6,0
"('Ti', 'K', 'Rb')",3,3,0
"('Ti', 'K', 'Sn')",9,9,0
"('Ti', 'K', 'Cr')",4,4,0
"('Ti', 'K', 'Ni')",6,6,0
"('Ti', 'Se', 'Li')",10,10,0
"('Ti', 'Se', 'K')",13,13,0
"('Ti', 'Re', 'Na')",6,6,0
"('Ti', 'Re', 'Li')",6,6,0
"('Ti', 'Re', 'K')",6,6,0
"('Ti', 'B', 'Na')",8,8,0
"('Ti', 'B', 'Li')",7,7,0
"('O', 'Na', 'Cd')",12,12,0
"('O', 'Na', 'N')",11,11,0
"('Ti', 'K', 'Sb')",11,11,0
"('O', 'Pd', 'Li')",16,16,0
"('O', 'Li', 'Hg')",10,10,0
"('O', 'Be', 'Na')",9,9,0
"('O', 'Be', 'Li')",8,8,0
"('O', 'Pb', 'Li')",18,18,0
"('O', 'Co', 'Na')",13,13,0
"('O', 'Ru', 'Li')",12,12,0
"('O', 'Au', 'Li')",13,13,0
"('O', 'Sb', 'Li')",17,17,0
"('O', 'Na', 'Al')",11,11,0
"('O', 'Bi', 'Li')",17,17,0
"('O', 'Sc', 'Li')",9,9,0
"('O', 'S', 'Na')",15,15,0
"('O', 'S', 'Li')",11,11,0
"('O', 'Ca', 'Li')",10,10,0
"('O', 'Cu', 'Na')",12,12,0
"('O', 'Rb', 'Na')",13,13,0
"('O', 'Li', 'Cl')",11,11,0
"('O', 'Li', 'Na')",11,11,0
"('O', 'Li', 'Nb')",14,14,0
"('O', 'Li', 'Sr')",11,11,0
"('O', 'Na', 'Ta')",9,9,0
"('O', 'Na', 'Mo')",11,11,0
"('O', 'Na', 'Ge')",11,11,0
"('O', 'Na', 'Nb')",12,12,0
"('O', 'Li', 'Cs')",12,12,0
"('O', 'Li', 'Y')",8,8,0
"('O', 'Li', 'Tl')",14,14,0
"('O', 'Li', 'Pt')",16,16,0
"('O', 'Li', 'Cd')",12,12,0
"('O', 'Li', 'W')",12,12,0
"('O', 'Li', 'N')",12,12,0
"('O', 'Li', 'Ir')",15,15,0
"('O', 'Li', 'Ta')",10,10,0
"('O', 'Li', 'Mo')",12,12,0
"('O', 'Li', 'Ge')",16,16,0
"('Ti', 'K', 'Bi')",9,9,0
"('Ti', 'K', 'Pd')",9,9,0
"('O', 'Sn', 'Na')",16,16,0
"('Ti', 'Pd', 'Li')",14,14,0
"('Ti', 'Co', 'Na')",7,7,0
"('Ti', 'Co', 'Li')",7,7,0
"('Ti', 'Ru', 'Na')",5,5,0
"('Ti', 'Ru', 'Li')",5,5,0
"('Ti', 'Au', 'Na')",9,9,0
"('Ti', 'Au', 'Li')",11,11,0
"('Ti', 'Pd', 'Na')",11,11,0
"('Ti', 'Sb', 'Na')",9,9,0
"('Ti', 'Ca', 'Li')",4,4,0
"('Ti', 'Sb', 'Li')",9,9,0
"('Ti', 'Bi', 'Na')",8,8,0
"('Ti', 'Bi', 'Li')",8,8,0
"('Ti', 'Sc', 'Na')",4,4,0
"('Ti', 'Sc', 'Li')",4,4,0
"('Ti', 'S', 'Na')",12,12,0
"('Ti', 'S', 'Li')",10,10,0
"('Ti', 'Pb', 'Li')",9,9,0
"('Hf', 'Na', 'Mo')",4,4,0
"('Ti', 'Si', 'Li')",13,13,0
"('Ti', 'Si', 'Na')",10,10,0
"('Ti', 'Li', 'Mo')",7,7,0
"('Ti', 'Li', 'Ge')",10,10,0
"('Ti', 'Li', 'Sr')",5,5,0
"('Ti', 'Li', 'Nb')",4,4,0
"('Ti', 'Li', 'Na')",4,4,0
"('Ti', 'Li', 'Cl')",6,6,0
"('Ti', 'Li', 'Hg')",6,6,0
"('Ti', 'P', 'Na')",11,11,0
"('Ti', 'P', 'Li')",12,12,0
"('Ti', 'Be', 'Na')",8,8,0
"('Ti', 'Be', 'Li')",8,8,0
"('Ti', 'As', 'Na')",9,9,0
"('Ti', 'As', 'Li')",8,8,0
"('Ti', 'I', 'Na')",6,6,0
"('Ti', 'I', 'Li')",6,6,0
"('Ti', 'Ca', 'Na')",3,3,0
"('Ti', 'Cu', 'Na')",6,6,0
"('Ti', 'K', 'Au')",10,10,0
"('Ti', 'K', 'Li')",3,3,0
"('Ti', 'K', 'Mo')",7,7,0
"('Ti', 'K', 'Ge')",6,6,0
"('Ti', 'K', 'Sr')",3,3,0
"('Ti', 'K', 'Nb')",4,4,0
"('Ti', 'K', 'Na')",4,4,0
"('Ti', 'K', 'Cl')",8,8,0
"('Ti', 'K', 'Hg')",7,7,0
"('Ti', 'K', 'P')",11,11,0
"('Ti', 'Cu', 'Li')",7,7,0
"('Ti', 'K', 'Be')",8,8,0
"('Ti', 'K', 'As')",8,8,0
"('Ti', 'K', 'I')",6,6,0
"('Ti', 'K', 'Si')",9,9,0
"('Ti', 'K', 'Pb')",7,7,0
"('Ti', 'K', 'Co')",7,7,0
"('Ti', 'K', 'Ru')",5,5,0
"('Ti', 'K', 'Ba')",3,3,0
"('Ti', 'K', 'Ta')",3,3,0
"('Ti', 'K', 'Ir')",7,7,0
"('Ti', 'K', 'Al')",7,7,0
"('Ti', 'Rb', 'Na')",4,4,0
"('Ti', 'Rb', 'Li')",3,3,0
"('Ti', 'Sn', 'Na')",12,12,0
"('Ti', 'Sn', 'Li')",12,12,0
"('Ti', 'Cr', 'Na')",4,4,0
"('Ti', 'Cr', 'Li')",4,4,0
"('Ti', 'Ni', 'Na')",6,6,0
"('Ti', 'Ni', 'Li')",7,7,0
"('Ti', 'K', 'Cs')",4,4,0
"('Ti', 'K', 'Y')",3,3,0
"('Ti', 'K', 'Tl')",6,6,0
"('Ti', 'K', 'Pt')",8,8,0
"('Ti', 'K', 'Cd')",7,7,0
"('Ti', 'K', 'Te')",9,9,0
"('Ti', 'K', 'W')",5,5,0
"('O', 'Rb', 'Li')",14,14,0
"('O', 'Sn', 'Li')",16,16,0
"('Ti', 'Li', 'Ta')",3,3,0
"('C', 'Ni', 'Na')",3,3,0
"('C', 'Cu', 'Na')",3,3,0
"('C', 'Cu', 'Li')",4,4,0
"('C', 'Rb', 'Na')",5,5,0
"('C', 'Rb', 'Li')",4,4,0
"('C', 'Sn', 'Na')",8,8,0
"('C', 'Sn', 'Li')",8,8,0
"('C', 'Cr', 'Na')",6,6,0
"('C', 'Ni', 'Li')",4,4,0
"('C', 'K', 'Al')",5,5,0
"('C', 'K', 'Cs')",6,6,0
"('C', 'K', 'Y')",7,7,0
"('C', 'K', 'Tl')",6,6,0
"('C', 'K', 'Pt')",5,5,0
"('C', 'K', 'Cd')",6,6,0
"('C', 'K', 'Te')",7,7,0
"('C', 'K', 'W')",5,5,0
"('C', 'Ca', 'Na')",3,3,0
"('C', 'S', 'Li')",5,5,0
"('C', 'S', 'Na')",8,8,0
"('C', 'Sc', 'Li')",7,7,0
"('C', 'Pb', 'Na')",6,6,0
"('C', 'Pb', 'Li')",8,8,0
"('C', 'Co', 'Na')",3,3,0
"('C', 'Co', 'Li')",3,3,0
"('C', 'Ru', 'Na')",3,3,0
"('C', 'Ru', 'Li')",3,3,0
"('C', 'Au', 'Na')",5,5,0
"('C', 'Au', 'Li')",7,7,0
"('C', 'Pd', 'Na')",5,5,0
"('C', 'Pd', 'Li')",7,7,0
"('C', 'Sb', 'Na')",5,5,0
"('C', 'Sb', 'Li')",5,5,0
"('C', 'Bi', 'Na')",5,5,0
"('C', 'Bi', 'Li')",5,5,0
"('C', 'Sc', 'Na')",7,7,0
"('C', 'K', 'N')",6,6,0
"('C', 'K', 'Ir')",4,4,0
"('C', 'Si', 'Na')",6,6,0
"('C', 'K', 'Cr')",7,7,0
"('C', 'K', 'Bi')",7,7,0
"('C', 'K', 'Sc')",8,8,0
"('C', 'K', 'S')",9,9,0
"('C', 'K', 'Ca')",4,4,0
"('C', 'K', 'Cu')",4,4,0
"('C', 'K', 'Rb')",5,5,0
"('C', 'K', 'Sn')",6,6,0
"('C', 'K', 'Ni')",4,4,0
"('C', 'K', 'Ta')",6,6,0
"('C', 'Se', 'Na')",6,6,0
"('C', 'Se', 'Li')",4,4,0
"('C', 'Se', 'K')",8,8,0
"('C', 'Re', 'Na')",4,4,0
"('C', 'Re', 'K')",5,5,0
"('C', 'B', 'Na')",6,6,0
"('C', 'B', 'K')",6,6,0
"('C', 'K', 'Sb')",8,8,0
"('C', 'K', 'Pd')",4,4,0
"('C', 'K', 'Au')",7,7,0
"('C', 'K', 'Ru')",4,4,0
"('C', 'K', 'Ba')",4,4,0
"('C', 'K', 'Mo')",6,6,0
"('C', 'K', 'Ge')",4,4,0
"('C', 'K', 'Sr')",4,4,0
"('C', 'K', 'Nb')",6,6,0
"('C', 'K', 'Na')",5,5,0
"('C', 'K', 'Hg')",7,7,0
"('C', 'K', 'Li')",4,4,0
"('C', 'K', 'P')",7,7,0
"('C', 'K', 'Be')",5,5,0
"('C', 'K', 'As')",6,6,0
"('C', 'K', 'I')",5,5,0
"('C', 'K', 'Si')",6,6,0
"('C', 'K', 'Pb')",7,7,0
"('C', 'K', 'Co')",4,4,0
"('C', 'Si', 'Li')",9,9,0
"('C', 'I', 'Li')",4,4,0
"('O', 'Cr', 'Na')",12,12,0
"('O', 'V', 'K')",14,14,0
"('O', 'K', 'Ni')",10,10,0
"('O', 'B', 'Na')",16,16,0
"('O', 'B', 'Li')",14,14,0
"('O', 'B', 'K')",13,13,0
"('O', 'In', 'Na')",12,12,0
"('O', 'In', 'Li')",14,14,0
"('O', 'V', 'Na')",13,13,0
"('O', 'Os', 'Li')",12,12,0
"('C', 'Na', 'Y')",6,6,0
"('O', 'Fe', 'Na')",12,12,0
"('O', 'Fe', 'Li')",13,13,0
"('O', 'Fe', 'K')",16,16,0
"('O', 'Hf', 'Li')",9,9,0
"('O', 'Hf', 'K')",10,10,0
"('O', 'Zn', 'Li')",13,13,0
"('O', 'Zn', 'K')",12,12,0
"('O', 'K', 'Cr')",14,14,0
"('O', 'K', 'Cu')",12,12,0
"('O', 'K', 'Ca')",9,9,0
"('O', 'K', 'S')",16,16,0
"('O', 'Ni', 'Li')",12,12,0
"('O', 'K', 'Y')",9,9,0
"('O', 'K', 'W')",12,12,0
"('O', 'K', 'N')",14,14,0
"('O', 'K', 'Al')",10,10,0
"('O', 'K', 'Ta')",9,9,0
"('O', 'K', 'Ge')",10,10,0
"('O', 'K', 'Sr')",9,9,0
"('O', 'K', 'Na')",11,11,0
"('O', 'K', 'Cl')",13,13,0
"('O', 'K', 'Li')",11,11,0
"('O', 'K', 'Be')",10,10,0
"('O', 'K', 'Pb')",19,19,0
"('O', 'K', 'Bi')",17,17,0
"('O', 'K', 'Sc')",9,9,0
"('C', 'Na', 'Cs')",5,5,0
"('C', 'Na', 'Tl')",7,7,0
"('C', 'I', 'Na')",4,4,0
"('C', 'Li', 'Nb')",5,5,0
"('C', 'Li', 'N')",6,6,0
"('C', 'Li', 'Al')",8,8,0
"('C', 'Li', 'Ir')",5,5,0
"('C', 'Li', 'Ta')",5,5,0
"('C', 'Li', 'Ba')",3,3,0
"('C', 'Li', 'Ge')",7,7,0
"('C', 'Li', 'Sr')",5,5,0
"('C', 'Li', 'Na')",4,4,0
"('C', 'Na', 'Pt')",4,4,0
"('C', 'Li', 'Hg')",5,5,0
"('C', 'P', 'Na')",6,6,0
"('C', 'P', 'Li')",7,7,0
"('C', 'Be', 'Na')",4,4,0
"('C', 'Be', 'Li')",4,4,0
"('C', 'As', 'Na')",5,5,0
"('C', 'As', 'Li')",5,5,0
"('C', 'Li', 'W')",4,4,0
"('C', 'Li', 'Te')",4,4,0
"('C', 'Li', 'Cd')",6,6,0
"('C', 'Li', 'Pt')",8,8,0
"('C', 'Na', 'Cd')",6,6,0
"('C', 'Na', 'Te')",5,5,0
"('C', 'Na', 'W')",4,4,0
"('C', 'Na', 'N')",5,5,0
"('C', 'Na', 'Al')",4,4,0
"('C', 'Na', 'Ir')",3,3,0
"('C', 'Na', 'Ta')",5,5,0
"('C', 'Na', 'Ba')",5,5,0
"('C', 'Na', 'Mo')",5,5,0
"('C', 'Na', 'Ge')",4,4,0
"('C', 'Na', 'Sr')",5,5,0
"('C', 'Na', 'Nb')",5,5,0
"('C', 'Hg', 'Na')",8,8,0
"('C', 'Li', 'Cs')",4,4,0
"('C', 'Li', 'Tl')",6,6,0
"('Ti', 'Li', 'Ba')",3,3,0
"('Ti', 'Pb', 'Na')",7,7,0
"('Ti', 'Li', 'Ir')",10,10,0
"('Hf', 'V', 'Na')",3,3,0
"('Hf', 'Re', 'K')",6,6,0
"('Hf', 'B', 'Na')",6,6,0
"('Hf', 'B', 'Li')",5,5,0
"('Hf', 'B', 'K')",5,5,0
"('Hf', 'In', 'Na')",9,9,0
"('Hf', 'In', 'Li')",11,11,0
"('Hf', 'In', 'K')",8,8,0
"('Hf', 'V', 'Li')",3,3,0
"('Zn', 'Be', 'Li')",6,6,0
"('Hf', 'V', 'K')",3,3,0
"('Hf', 'Os', 'Na')",4,4,0
"('Hf', 'Os', 'Li')",5,5,0
"('Hf', 'Os', 'K')",4,4,0
"('Hf', 'Fe', 'Na')",5,5,0
"('Hf', 'Fe', 'Li')",5,5,0
"('Hf', 'Fe', 'K')",5,5,0
"('Hf', 'Re', 'Na')",6,6,0
"('Hf', 'K', 'Ni')",5,5,0
"('Hf', 'K', 'Cr')",4,4,0
"('Hf', 'K', 'Sn')",8,8,0
"('Hf', 'K', 'P')",10,10,0
"('Hf', 'K', 'Be')",6,6,0
"('Hf', 'K', 'As')",11,11,0
"('Hf', 'K', 'I')",6,6,0
"('Hf', 'K', 'Si')",8,8,0
"('Hf', 'K', 'Pb')",7,7,0
"('Hf', 'K', 'Co')",7,7,0
"('Hf', 'K', 'Ru')",4,4,0
"('Hf', 'K', 'Au')",11,11,0
"('Hf', 'K', 'Pd')",6,6,0
"('Hf', 'K', 'Sb')",12,12,0
"('Hf', 'K', 'Bi')",8,8,0
"('Hf', 'K', 'Sc')",4,4,0
"('Hf', 'K', 'Ca')",3,3,0
"('Hf', 'K', 'Rb')",3,3,0
"('Zn', 'Na', 'Cs')",6,6,0
"('Zn', 'Na', 'Y')",9,9,0
"('Zn', 'Na', 'Tl')",9,9,0
"('Zn', 'Li', 'Cd')",9,9,0
"('Zn', 'Li', 'W')",6,6,0
"('Zn', 'Li', 'N')",9,9,0
"('Zn', 'Li', 'Al')",11,11,0
"('Zn', 'Li', 'Ir')",13,13,0
"('Zn', 'Li', 'Ta')",8,8,0
"('Zn', 'Li', 'Ba')",10,10,0
"('Zn', 'Li', 'Mo')",8,8,0
"('Zn', 'Li', 'Ge')",13,13,0
"('Zn', 'Li', 'Sr')",12,12,0
"('Zn', 'Li', 'Nb')",9,9,0
"('Zn', 'Li', 'Na')",9,9,0
"('Zn', 'Li', 'Cl')",9,9,0
"('Zn', 'Li', 'Hg')",8,8,0
"('Zn', 'P', 'Na')",12,12,0
"('Zn', 'P', 'Li')",14,14,0
"('Zn', 'Li', 'Te')",8,8,0
"('Zn', 'Li', 'Pt')",17,17,0
"('Zn', 'Na', 'Pt')",10,10,0
"('Zn', 'Li', 'Tl')",9,9,0
"('Zn', 'Na', 'Cd')",8,8,0
"('Zn', 'Na', 'Te')",8,8,0
"('Zn', 'Na', 'W')",5,5,0
"('Zn', 'Na', 'Al')",5,5,0
"('Zn', 'Na', 'Ir')",9,9,0
"('Zn', 'Na', 'Ta')",7,7,0
"('Zn', 'Na', 'Ba')",11,11,0
"('Zn', 'Na', 'Mo')",7,7,0
"('Zn', 'Na', 'Ge')",7,7,0
"('Zn', 'Na', 'Sr')",11,11,0
"('Zn', 'Na', 'Nb')",8,8,0
"('Zn', 'Cl', 'Na')",8,8,0
"('Zn', 'Hg', 'Na')",10,10,0
"('Zn', 'Li', 'Cs')",6,6,0
"('Zn', 'Li', 'Y')",10,10,0
"('Hf', 'K', 'Li')",3,3,0
"('Hf', 'K', 'Hg')",7,7,0
"('Hf', 'K', 'Cl')",5,5,0
"('Hf', 'Li', 'Sr')",5,5,0
"('Hf', 'Li', 'Na')",4,4,0
"('Hf', 'Li', 'Cl')",5,5,0
"('Hf', 'Li', 'Hg')",6,6,0
"('Hf', 'P', 'Na')",10,10,0
"('Hf', 'P', 'Li')",11,11,0
"('Hf', 'Be', 'Na')",6,6,0
"('Hf', 'Be', 'Li')",6,6,0
"('Hf', 'As', 'Na')",12,12,0
"('Hf', 'As', 'Li')",11,11,0
"('Hf', 'I', 'Na')",6,6,0
"('Hf', 'I', 'Li')",6,6,0
"('Hf', 'Si', 'Na')",9,9,0
"('Hf', 'Si', 'Li')",12,12,0
"('Hf', 'Pb', 'Na')",7,7,0
"('Hf', 'Pb', 'Li')",9,9,0
"('Hf', 'Li', 'Nb')",3,3,0
"('Hf', 'Li', 'Ge')",11,11,0
"('Hf', 'Co', 'Li')",7,7,0
"('Hf', 'Li', 'Mo')",4,4,0
"('Hf', 'Na', 'Ge')",8,8,0
"('Hf', 'Na', 'Sr')",5,5,0
"('Hf', 'Na', 'Nb')",3,3,0
"('Hf', 'Cl', 'Na')",5,5,0
"('Hf', 'Hg', 'Na')",9,9,0
"('Hf', 'Li', 'Cs')",3,3,0
"('Hf', 'Li', 'Y')",3,3,0
"('Hf', 'Li', 'Tl')",6,6,0
"('Hf', 'Li', 'Cd')",8,8,0
"('Hf', 'Li', 'Te')",8,8,0
"('Hf', 'Li', 'W')",4,4,0
"('Hf', 'Li', 'Al')",11,11,0
"('Hf', 'Li', 'Ir')",9,9,0
"('Hf', 'Li', 'Ta')",3,3,0
"('Hf', 'Li', 'Ba')",3,3,0
"('Hf', 'Co', 'Na')",7,7,0
"('Hf', 'Ru', 'Na')",4,4,0
"('Hf', 'K', 'Na')",4,4,0
"('Hf', 'Cr', 'Li')",4,4,0
"('Hf', 'Ni', 'Li')",6,6,0
"('Hf', 'K', 'Cs')",4,4,0
"('Hf', 'K', 'Y')",3,3,0
"('Hf', 'K', 'Tl')",5,5,0
"('Hf', 'K', 'Cd')",7,7,0
"('Hf', 'K', 'Te')",10,10,0
"('Hf', 'K', 'W')",4,4,0
"('Hf', 'K', 'Al')",7,7,0
"('Hf', 'K', 'Ir')",6,6,0
"('Hf', 'K', 'Ta')",3,3,0
"('Hf', 'K', 'Ba')",3,3,0
"('Hf', 'K', 'Mo')",4,4,0
"('Hf', 'K', 'Ge')",7,7,0
"('Hf', 'K', 'Sr')",3,3,0
"('Hf', 'K', 'Nb')",3,3,0
"('Hf', 'Ni', 'Na')",5,5,0
"('Hf', 'Cr', 'Na')",4,4,0
"('Hf', 'Ru', 'Li')",4,4,0
"('Hf', 'Sn', 'Li')",11,11,0
"('Hf', 'Au', 'Na')",10,10,0
"('Hf', 'Au', 'Li')",12,12,0
"('Hf', 'Pd', 'Na')",8,8,0
"('Hf', 'Pd', 'Li')",11,11,0
"('Hf', 'Sb', 'Na')",10,10,0
"('Hf', 'Sb', 'Li')",10,10,0
"('Hf', 'Bi', 'Na')",7,7,0
"('Hf', 'Bi', 'Li')",7,7,0
"('Hf', 'Sc', 'Na')",4,4,0
"('Hf', 'Sc', 'Li')",4,4,0
"('Hf', 'Ca', 'Na')",3,3,0
"('Hf', 'Ca', 'Li')",4,4,0
"('Hf', 'Rb', 'Na')",4,4,0
"('Hf', 'Rb', 'Li')",3,3,0
"('Hf', 'Sn', 'Na')",11,11,0
"('Zn', 'Be', 'Na')",5,5,0
"('Na', 'Y', 'Cs')",4,4,0
"('Zn', 'As', 'Na')",11,11,0
"('Zn', 'K', 'N')",5,5,0
"('Zn', 'K', 'Sb')",10,10,0
"('Zn', 'K', 'Bi')",7,7,0
"('Zn', 'K', 'Sc')",8,8,0
"('Zn', 'K', 'Ca')",10,10,0
"('Zn', 'K', 'Cu')",7,7,0
"('Zn', 'K', 'Rb')",5,5,0
"('Zn', 'K', 'Sn')",6,6,0
"('Zn', 'K', 'Cr')",4,4,0
"('Zn', 'K', 'Ni')",6,6,0
"('Zn', 'Se', 'Na')",9,9,0
"('Zn', 'Se', 'Li')",8,8,0
"('Zn', 'Re', 'Na')",5,5,0
"('Zn', 'Re', 'Li')",6,6,0
"('Zn', 'Re', 'K')",4,4,0
"('Zn', 'B', 'Na')",7,7,0
"('Zn', 'B', 'Li')",7,7,0
"('Zn', 'B', 'K')",5,5,0
"('Zn', 'K', 'Pd')",7,7,0
"('Zn', 'K', 'Au')",11,11,0
"('Zn', 'K', 'Ru')",5,5,0
"('Zn', 'K', 'Na')",7,7,0
"('Zn', 'K', 'Ir')",8,8,0
"('Zn', 'K', 'Ta')",6,6,0
"('Zn', 'K', 'Ba')",8,8,0
"('Zn', 'K', 'Mo')",6,6,0
"('Zn', 'K', 'Ge')",4,4,0
"('Zn', 'K', 'Sr')",8,8,0
"('Zn', 'As', 'Li')",11,11,0
"('Zn', 'K', 'Cl')",7,7,0
"('Zn', 'K', 'Co')",6,6,0
"('Zn', 'K', 'Hg')",7,7,0
"('Zn', 'K', 'Li')",7,7,0
"('Zn', 'K', 'P')",13,13,0
"('Zn', 'K', 'Be')",4,4,0
"('Zn', 'K', 'I')",6,6,0
"('Zn', 'K', 'Si')",5,5,0
"('Zn', 'K', 'Pb')",7,7,0
"('Zn', 'In', 'Na')",8,8,0
"('Zn', 'In', 'Li')",12,12,0
"('Zn', 'In', 'K')",6,6,0
"('Ti', 'Hg', 'Na')",9,9,0
"('Ti', 'Na', 'Ta')",3,3,0
"('Ti', 'Na', 'Ba')",5,5,0
"('Ti', 'Na', 'Mo')",7,7,0
"('Ti', 'Na', 'Ge')",7,7,0
"('Ti', 'Na', 'Sr')",5,5,0
"('Ti', 'Na', 'Nb')",4,4,0
"('Ti', 'Cl', 'Na')",7,7,0
"('Ti', 'Li', 'Cs')",3,3,0
"('Ti', 'Na', 'Al')",7,7,0
"('Ti', 'Li', 'Y')",3,3,0
"('Ti', 'Li', 'Tl')",7,7,0
"('Ti', 'Li', 'Pt')",14,14,0
"('Ti', 'Li', 'Cd')",8,8,0
"('Ti', 'Li', 'Te')",7,7,0
"('Ti', 'Li', 'W')",5,5,0
"('Ti', 'Li', 'Al')",11,11,0
"('Ti', 'Na', 'Ir')",7,7,0
"('Ti', 'Na', 'W')",5,5,0
"('Zn', 'V', 'Na')",7,7,0
"('Zn', 'Fe', 'K')",6,6,0
"('Zn', 'V', 'Li')",8,8,0
"('Zn', 'V', 'K')",6,6,0
"('Zn', 'Os', 'Na')",5,5,0
"('Zn', 'Os', 'Li')",6,6,0
"('Zn', 'Os', 'K')",4,4,0
"('Zn', 'Fe', 'Na')",7,7,0
"('Zn', 'Fe', 'Li')",8,8,0
"('Zn', 'Hf', 'Na')",9,9,0
"('Ti', 'Na', 'Te')",8,8,0
"('Zn', 'Hf', 'Li')",10,10,0
"('Zn', 'Hf', 'K')",8,8,0
"('Ti', 'Na', 'Cs')",4,4,0
"('Ti', 'Na', 'Y')",3,3,0
"('Ti', 'Na', 'Tl')",8,8,0
"('Ti', 'Na', 'Pt')",9,9,0
"('Ti', 'Na', 'Cd')",8,8,0
"('Zn', 'K', 'Al')",4,4,0
"('Zn', 'K', 'Nb')",7,7,0
"('Zn', 'Cr', 'Li')",6,6,0
"('Zn', 'Pd', 'Li')",16,16,0
"('Zn', 'Pd', 'Na')",10,10,0
"('Zn', 'Cr', 'Na')",5,5,0
"('Zn', 'Sn', 'Li')",12,12,0
"('Zn', 'Si', 'Li')",12,12,0
"('Zn', 'Sn', 'Na')",11,11,0
"('Zn', 'K', 'W')",4,4,0
"('Zn', 'Rb', 'Li')",7,7,0
"('Zn', 'Rb', 'Na')",7,7,0
"('Zn', 'Cu', 'Li')",12,12,0
"('Zn', 'Si', 'Na')",7,7,0
"('Zn', 'Sb', 'Na')",9,9,0
"('Zn', 'Sb', 'Li')",10,10,0
"('Zn', 'Pb', 'Na')",8,8,0
"('Zn', 'Cu', 'Na')",8,8,0
"('Zn', 'Ca', 'Li')",13,13,0
"('Zn', 'Co', 'Na')",7,7,0
"('Zn', 'Ca', 'Na')",11,11,0
"('Zn', 'Pb', 'Li')",11,11,0
"('Zn', 'Bi', 'Na')",7,7,0
"('Zn', 'S', 'Na')",11,11,0
"('Zn', 'Ni', 'Na')",7,7,0
"('Zn', 'I', 'Na')",7,7,0
"('Zn', 'K', 'Te')",9,9,0
"('Zn', 'Sc', 'Na')",9,9,0
"('Zn', 'K', 'Cd')",6,6,0
"('Zn', 'K', 'Pt')",8,8,0
"('Zn', 'Ru', 'Li')",7,7,0
"('Zn', 'Au', 'Na')",11,11,0
"('Zn', 'Ru', 'Na')",6,6,0
"('Zn', 'Sc', 'Li')",10,10,0
"('Zn', 'Ni', 'Li')",11,11,0
"('Zn', 'K', 'Tl')",7,7,0
"('Zn', 'K', 'Y')",8,8,0
"('Zn', 'Au', 'Li')",17,17,0
"('Zn', 'I', 'Li')",9,9,0
"('Zn', 'Bi', 'Li')",8,8,0
"('Zn', 'Co', 'Li')",8,8,0
"('Zn', 'K', 'Cs')",5,5,0
"('K', 'As', 'Li')",8,7,-1
"('K', 'As', 'Be')",6,5,-1
"('Ag', 'S', 'Na')",12,11,-1
"('K', 'Co', 'As')",9,8,-1
"('O', 'Ru', 'Na')",11,10,-1
"('K', 'Au', 'As')",9,8,-1
"('Hf', 'Re', 'Li')",7,6,-1
"('K', 'As', 'Ta')",10,9,-1
"('In', 'Au', 'Na')",14,13,-1
"('Rh', 'K', 'Nb')",6,5,-1
"('K', 'As', 'Nb')",10,9,-1
"('O', 'K', 'Te')",17,16,-1
"('K', 'As', 'Ba')",10,9,-1
"('K', 'Rb', 'As')",8,7,-1
"('O', 'Cu', 'Li')",13,12,-1
"('H', 'K', 'Al')",7,6,-1
"('H', 'Os', 'Li')",5,4,-1
"('Rb', 'As', 'Na')",9,8,-1
"('Rb', 'As', 'Li')",8,7,-1
"('Bi', 'Li', 'Pt')",12,11,-1
"('Mn', 'Li', 'Pt')",11,10,-1
"('Rh', 'O', 'Li')",12,11,-1
"('H', 'Be', 'Li')",6,5,-1
"('As', 'Li', 'Pt')",12,11,-1
"('O', 'Os', 'Na')",13,12,-1
"('H', 'Ru', 'Li')",5,4,-1
"('Rh', 'Na', 'Nb')",6,5,-1
"('Mn', 'K', 'Te')",9,8,-1
"('O', 'Ti', 'K')",19,18,-1
"('K', 'Si', 'As')",10,9,-1
"('O', 'Co', 'Li')",15,14,-1
"('K', 'Te', 'Cd')",11,10,-1
"('H', 'Li', 'N')",10,9,-1
"('Rh', 'Li', 'Nb')",8,7,-1
"('H', 'Li', 'Al')",10,9,-1
"('Hf', 'K', 'Cu')",5,4,-1
"('H', 'Li', 'Ba')",6,5,-1
"('H', 'Pd', 'Li')",10,9,-1
"('Se', 'Rb', 'Na')",11,10,-1
"('K', 'As', 'Pt')",7,6,-1
"('O', 'K', 'Ru')",12,11,-1
"('In', 'Li', 'Pt')",19,18,-1
"('Hf', 'Cu', 'Na')",5,4,-1
"('Hf', 'Cu', 'Li')",6,5,-1
"('O', 'K', 'Co')",14,13,-1
"('Sn', 'Li', 'Pt')",20,19,-1
"('K', 'Cu', 'Te')",9,8,-1
"('K', 'Pd', 'As')",10,9,-1
"('In', 'K', 'As')",9,8,-1
"('K', 'Ni', 'As')",9,8,-1
"('Sb', 'Li', 'Pt')",15,14,-1
"('Rb', 'Sb', 'Li')",8,6,-2
"('Sc', 'Na', 'Ge')",7,5,-2
"('Rb', 'Sb', 'Na')",9,7,-2
"('K', 'Rb', 'Sb')",10,8,-2
"('Ru', 'Li', 'Nb')",6,4,-2
"('Tc', 'O', 'Li')",12,10,-2
"('K', 'As', 'Cd')",12,10,-2
"('Ru', 'Na', 'Nb')",6,4,-2
"('H', 'Li', 'Pt')",12,10,-2
"('Ga', 'K', 'As')",10,8,-2
"('Se', 'K', 'Rb')",11,9,-2
"('Zn', 'K', 'As')",10,8,-2
"('Se', 'Rb', 'Li')",9,7,-2
"('Rh', 'Tc', 'K')",6,4,-2
"('Rh', 'Tc', 'Li')",7,5,-2
"('Rh', 'Tc', 'Na')",6,4,-2
"('O', 'K', 'Sb')",19,17,-2
"('H', 'Rh', 'Li')",8,6,-2
"('K', 'As', 'Hg')",10,8,-2
"('K', 'Sn', 'As')",10,8,-2
"('Sc', 'Li', 'Ge')",10,8,-2
"('K', 'Ru', 'Nb')",6,4,-2
"('K', 'Sc', 'Ge')",6,4,-2
"('K', 'Cu', 'As')",9,6,-3
"('O', 'Li', 'Te')",17,13,-4
"('B', 'Li', 'Ta')",9,5,-4
"('O', 'Na', 'Te')",17,13,-4
"('B', 'Na', 'Ta')",10,6,-4
"('B', 'K', 'Ta')",9,5,-4
